13 0.28498293515358364 0.211340206185567 0.3037542662116041 0.06529209621993128
13 0.3361774744027304 0.21219931271477663 0.13651877133105803 0.05670103092783505
11 0.20051194539249148 0.21305841924398625 0.08020477815699659 0.048109965635738834
11 0.30204778156996587 0.21305841924398625 0.05802047781569966 0.048109965635738834
11 0.2593856655290102 0.2860824742268041 0.05802047781569966 0.04639175257731959
13 0.29436860068259385 0.2860824742268041 0.13822525597269625 0.05670103092783505
8 0.19965870307167236 0.35137457044673537 0.32081911262798635 0.06357388316151202
11 0.3037542662116041 0.35223367697594504 0.07849829351535836 0.048109965635738834
13 0.14846416382252559 0.5558419243986255 0.18430034129692832 0.05670103092783505
11 0.11348122866894197 0.5567010309278351 0.05631399317406143 0.048109965635738834
8 0.1680887372013652 0.7646048109965635 0.29180887372013653 0.054982817869415807
13 0.14846416382252559 0.8616838487972509 0.18430034129692832 0.05670103092783505
11 0.11348122866894197 0.8625429553264605 0.05631399317406143 0.048109965635738834
8 0.14334470989761092 0.9226804123711341 0.24573378839590443 0.058419243986254296
13 0.38310580204778155 0.12371134020618557 0.1825938566552901 0.058419243986254296
13 0.6083617747440273 0.12371134020618557 0.1825938566552901 0.058419243986254296
13 0.8233788395904437 0.12371134020618557 0.1825938566552901 0.058419243986254296
13 0.15784982935153583 0.12371134020618557 0.1825938566552901 0.058419243986254296
11 0.34812286689419797 0.12457044673539519 0.05802047781569966 0.04982817869415808
11 0.5733788395904437 0.12457044673539519 0.05802047781569966 0.04982817869415808
11 0.7892491467576792 0.12457044673539519 0.059726962457337884 0.04982817869415808
11 0.12116040955631399 0.12457044673539519 0.05802047781569966 0.04982817869415808