2 0.20028818443804033 0.1564625850340136 0.11815561959654179 0.0380952380952381
13 0.2780979827089337 0.1564625850340136 0.37175792507204614 0.04625850340136054
2 0.23198847262247838 0.28843537414965986 0.11815561959654179 0.0380952380952381
13 0.3025936599423631 0.2891156462585034 0.3515850144092219 0.044897959183673466
1 0.5014409221902018 0.04013605442176871 0.9913544668587896 0.07755102040816327
2 0.2622478386167147 0.4204081632653061 0.11527377521613832 0.0380952380952381
13 0.3270893371757925 0.42108843537414964 0.34293948126801155 0.044897959183673466
2 0.44812680115273773 0.04217687074829932 0.0893371757925072 0.03537414965986395
2 0.9063400576368876 0.04217687074829932 0.11239193083573487 0.03537414965986395
2 0.6642651296829971 0.04285714285714286 0.0893371757925072 0.036734693877551024
2 0.33861671469740634 0.04353741496598639 0.0893371757925072 0.03537414965986395
2 0.5547550432276657 0.04353741496598639 0.0893371757925072 0.03537414965986395
2 0.7809798270893372 0.04353741496598639 0.1037463976945245 0.03537414965986395
2 0.29394812680115273 0.5530612244897959 0.11527377521613832 0.036734693877551024
13 0.37319884726224783 0.5530612244897959 0.37752161383285304 0.044897959183673466
2 0.3314121037463977 0.8210884353741497 0.09798270893371758 0.036734693877551024
2 0.1829971181556196 0.8217687074829932 0.09510086455331412 0.0380952380952381
4 0.14121037463976946 0.8687074829931973 0.276657060518732 0.050340136054421766
2 0.1829971181556196 0.9170068027210885 0.09510086455331412 0.0380952380952381
2 0.3314121037463977 0.917687074829932 0.09798270893371758 0.03945578231292517
5 0.12103746397694524 0.9653061224489796 0.23631123919308358 0.050340136054421766
2 0.40057636887608067 0.10476190476190476 0.10951008645533142 0.0380952380952381