8 0.36538461538461536 0.39429530201342283 0.7153846153846154 0.11073825503355705
0 0.4596153846153846 0.6124161073825504 0.9038461538461539 0.11073825503355705
11 0.6673076923076923 0.6140939597315436 0.45 0.087248322147651
11 0.41923076923076924 0.7315436241610739 0.45384615384615384 0.09395973154362416
13 0.4980769230769231 0.7315436241610739 0.7423076923076923 0.11409395973154363
8 0.45 0.8489932885906041 0.8 0.10738255033557047
1 0.5019230769230769 0.09899328859060402 0.9884615384615385 0.1912751677852349
2 0.8923076923076924 0.10570469798657718 0.12307692307692308 0.08389261744966443
13 0.551923076923077 0.2684563758389262 0.6807692307692308 0.12751677852348994
2 0.575 0.2684563758389262 0.12692307692307692 0.09395973154362416
13 0.6596153846153846 0.2701342281879195 0.3192307692307692 0.11073825503355705
11 0.35384615384615387 0.2701342281879195 0.16153846153846155 0.09060402684563758