13 0.23214285714285715 0.49363867684478374 0.29365079365079366 0.08651399491094147
11 0.19246031746031747 0.49363867684478374 0.14285714285714285 0.07124681933842239
15 0.12202380952380952 0.05979643765903308 0.2361111111111111 0.10941475826972011
11 0.44246031746031744 0.6170483460559797 0.11904761904761904 0.06870229007633588
13 0.5367063492063492 0.6170483460559797 0.3194444444444444 0.08396946564885496
13 0.6170634920634921 0.6170483460559797 0.7380952380952381 0.13994910941475827
13 0.5307539682539683 0.6183206106870229 0.5416666666666666 0.11195928753180662
13 0.5763888888888888 0.6183206106870229 0.6448412698412699 0.1272264631043257
13 0.5843253968253969 0.6183206106870229 0.42658730158730157 0.09669211195928754
11 0.6091269841269841 0.6183206106870229 0.1626984126984127 0.07124681933842239
11 0.8621031746031746 0.6183206106870229 0.06547619047619048 0.07124681933842239
13 0.5783730158730159 0.8155216284987278 0.4226190476190476 0.09414758269720101
11 0.4365079365079365 0.816793893129771 0.11904761904761904 0.07124681933842239
13 0.5248015873015873 0.816793893129771 0.5416666666666666 0.11195928753180662
13 0.5327380952380952 0.816793893129771 0.3194444444444444 0.08142493638676845
13 0.5714285714285714 0.816793893129771 0.6468253968253969 0.1272264631043257
11 0.6041666666666666 0.816793893129771 0.16468253968253968 0.07124681933842239
11 0.8571428571428571 0.816793893129771 0.06746031746031746 0.07124681933842239