13 0.4521452145214521 0.19209558823529413 0.49504950495049505 0.06066176470588235
13 0.5181518151815182 0.19209558823529413 0.7524752475247525 0.07169117647058823
11 0.5726072607260726 0.19209558823529413 0.24092409240924093 0.04963235294117647
13 0.4273927392739274 0.265625 0.49834983498349833 0.06066176470588235
11 0.3613861386138614 0.26746323529411764 0.24752475247524752 0.04963235294117647
11 0.3910891089108911 0.33639705882352944 0.23432343234323433 0.051470588235294115
13 0.466996699669967 0.33639705882352944 0.504950495049505 0.0625
8 0.31518151815181517 0.4007352941176471 0.3333333333333333 0.058823529411764705
6 0.4141914191419142 0.5799632352941176 0.5313531353135313 0.06066176470588235
8 0.27887788778877887 0.7169117647058824 0.3333333333333333 0.058823529411764705
6 0.3778877887788779 0.8373161764705882 0.5313531353135313 0.06066176470588235
11 0.23597359735973597 0.11764705882352941 0.1419141914191419 0.04779411764705882
13 0.30363036303630364 0.11764705882352941 0.38283828382838286 0.0625