13 0.7244897959183674 0.18181818181818182 0.39183673469387753 0.06060606060606061
13 0.2755102040816326 0.18261562998405104 0.39183673469387753 0.06220095693779904
13 0.23061224489795917 0.18341307814992025 0.22448979591836735 0.051036682615629984
11 0.30306122448979594 0.18341307814992025 0.0673469387755102 0.044657097288676235
13 0.6785714285714286 0.18341307814992025 0.22653061224489796 0.051036682615629984
11 0.7510204081632653 0.18341307814992025 0.06938775510204082 0.044657097288676235
11 0.1520408163265306 0.3078149920255183 0.0673469387755102 0.044657097288676235
11 0.25816326530612244 0.30861244019138756 0.0673469387755102 0.0430622009569378
4 0.12346938775510204 0.36363636363636365 0.19795918367346937 0.05741626794258373
5 0.10816326530612246 0.423444976076555 0.1673469387755102 0.05901116427432217
1 0.2816326530612245 0.04704944178628389 0.5510204081632653 0.09090909090909091
2 0.2897959183673469 0.049441786283891544 0.08571428571428572 0.044657097288676235
2 0.4897959183673469 0.050239234449760764 0.08979591836734693 0.0430622009569378
2 0.38979591836734695 0.051036682615629984 0.08979591836734693 0.04146730462519936
13 0.4 0.543859649122807 0.16326530612244897 0.051036682615629984
11 0.35918367346938773 0.5446570972886763 0.06938775510204082 0.0430622009569378
11 0.15816326530612246 0.5446570972886763 0.0673469387755102 0.0430622009569378
13 0.1989795918367347 0.5454545454545454 0.16122448979591836 0.051036682615629984
4 0.12346938775510204 0.6044657097288676 0.19795918367346937 0.05741626794258373
5 0.10918367346938776 0.8716108452950558 0.16938775510204082 0.05901116427432217