11 0.3338632750397456 0.17424242424242425 0.07313195548489666 0.04242424242424243
13 0.37599364069952307 0.17424242424242425 0.17011128775834658 0.048484848484848485
11 0.424483306836248 0.17424242424242425 0.06359300476947535 0.04242424242424243
13 0.178060413354531 0.175 0.1685214626391097 0.05
11 0.22575516693163752 0.175 0.06359300476947535 0.04090909090909091
11 0.1359300476947536 0.175 0.07472178060413355 0.04090909090909091
11 0.2821939586645469 0.28484848484848485 0.07472178060413355 0.03939393939393939
11 0.41812400635930047 0.28484848484848485 0.0985691573926868 0.04242424242424243
11 0.1987281399046105 0.2856060606060606 0.07313195548489666 0.04090909090909091
0 0.2480127186009539 0.2856060606060606 0.4578696343402226 0.05
11 0.1422893481717011 0.3371212121212121 0.08744038155802862 0.04090909090909091
13 0.17488076311605724 0.3378787878787879 0.2066772655007949 0.048484848484848485
11 0.34896661367249604 0.4022727272727273 0.09062003179650238 0.04090909090909091
13 0.35135135135135137 0.403030303030303 0.24165341812400637 0.05757575757575758
13 0.38235294117647056 0.403030303030303 0.17011128775834658 0.048484848484848485
13 0.38553259141494434 0.4037878787878788 0.3163751987281399 0.06515151515151515
1 0.08982511923688394 0.045454545454545456 0.17329093799682035 0.08787878787878788
4 0.09618441971383147 0.5901515151515152 0.15421303656597773 0.05606060606060606
0 0.5087440381558028 0.6439393939393939 0.9761526232114467 0.048484848484848485
11 0.6629570747217806 0.6439393939393939 0.07313195548489666 0.03939393939393939
11 0.2082670906200318 0.6446969696969697 0.10492845786963434 0.04090909090909091
11 0.32114467408585057 0.6446969696969697 0.0985691573926868 0.04090909090909091
11 0.5794912559618441 0.6446969696969697 0.07154213036565978 0.04090909090909091
11 0.10969793322734499 0.6446969696969697 0.07313195548489666 0.04090909090909091
11 0.4546899841017488 0.6454545454545455 0.0890302066772655 0.03939393939393939
5 0.08585055643879173 0.6977272727272728 0.13036565977742448 0.05606060606060606
11 0.33465818759936405 0.7545454545454545 0.07472178060413355 0.03939393939393939
11 0.42527821939586646 0.7545454545454545 0.06200317965023847 0.03939393939393939
11 0.22655007949125597 0.7553030303030303 0.06518282988871224 0.04090909090909091
13 0.37599364069952307 0.7553030303030303 0.1669316375198728 0.05
11 0.13513513513513514 0.7553030303030303 0.07313195548489666 0.04090909090909091
13 0.17647058823529413 0.7560606060606061 0.1685214626391097 0.048484848484848485
11 0.28378378378378377 0.8113636363636364 0.07154213036565978 0.03787878787878788
11 0.1987281399046105 0.8121212121212121 0.06995230524642289 0.04242424242424243
13 0.4562798092209857 0.8121212121212121 0.17488076311605724 0.048484848484848485
0 0.2845786963434022 0.8128787878787879 0.5310015898251192 0.05606060606060606
11 0.48807631160572335 0.8128787878787879 0.0985691573926868 0.04090909090909091
4 0.09618441971383147 0.8704545454545455 0.15421303656597773 0.05606060606060606
13 0.16772655007949125 0.11666666666666667 0.2273449920508744 0.051515151515151514
11 0.13513513513513514 0.11666666666666667 0.11128775834658187 0.04242424242424243