14 0.15079365079365079 0.19703389830508475 0.29365079365079366 0.043785310734463276
14 0.15079365079365079 0.288135593220339 0.2896825396825397 0.04519774011299435
13 0.22817460317460317 0.3382768361581921 0.3253968253968254 0.046610169491525424
11 0.2876984126984127 0.3382768361581921 0.1388888888888889 0.038135593220338986
11 0.14285714285714285 0.3382768361581921 0.0873015873015873 0.038135593220338986
1 0.1775793650793651 0.041666666666666664 0.3472222222222222 0.08050847457627118
14 0.17162698412698413 0.4336158192090395 0.2916666666666667 0.04519774011299435
14 0.17162698412698413 0.5550847457627118 0.2916666666666667 0.04519774011299435
11 0.5297619047619048 0.7005649717514124 0.1388888888888889 0.03954802259887006
11 0.33630952380952384 0.8149717514124294 0.08134920634920635 0.03954802259887006
13 0.5515873015873016 0.8149717514124294 0.746031746031746 0.062146892655367235
11 0.7281746031746031 0.8149717514124294 0.1388888888888889 0.03954802259887006
14 0.21428571428571427 0.876412429378531 0.2896825396825397 0.046610169491525424