0 0.28350515463917525 0.16578947368421051 0.4329896907216495 0.042105263157894736
0 0.25257731958762886 0.20789473684210527 0.3711340206185567 0.042105263157894736
0 0.3170103092783505 0.2513157894736842 0.5103092783505154 0.042105263157894736
13 0.4742268041237113 0.026973684210526316 0.6082474226804123 0.04342105263157895
2 0.36855670103092786 0.02763157894736842 0.22164948453608246 0.03684210526315789
0 0.29896907216494845 0.29407894736842105 0.4742268041237113 0.04078947368421053
0 0.26804123711340205 0.3361842105263158 0.41237113402061853 0.04078947368421053
5 0.27319587628865977 0.3815789473684211 0.422680412371134 0.04736842105263158
13 0.5283505154639175 0.5032894736842105 0.6030927835051546 0.04342105263157895
2 0.4252577319587629 0.5032894736842105 0.22164948453608246 0.038157894736842106
0 0.30927835051546393 0.5986842105263158 0.38144329896907214 0.042105263157894736
0 0.32989690721649484 0.6414473684210527 0.422680412371134 0.04078947368421053
0 0.33762886597938147 0.6848684210526316 0.4381443298969072 0.04342105263157895
0 0.3247422680412371 0.7276315789473684 0.41237113402061853 0.039473684210526314
0 0.3427835051546392 0.7697368421052632 0.4484536082474227 0.042105263157894736
0 0.3247422680412371 0.8125 0.41237113402061853 0.04078947368421053
5 0.3324742268041237 0.8585526315789473 0.42783505154639173 0.04868421052631579
0 0.25773195876288657 0.12236842105263158 0.38144329896907214 0.042105263157894736