4 0.09921414538310412 0.24708926261319533 0.1905697445972495 0.04657179818887452
5 0.08447937131630648 0.29560155239327296 0.16110019646365423 0.045278137128072445
13 0.611984282907662 0.35834411384217335 0.7485265225933202 0.06985769728331177
13 0.7023575638506876 0.35834411384217335 0.5481335952848723 0.056921086675291076
11 0.8359528487229863 0.35834411384217335 0.08447937131630648 0.03622250970245795
13 0.6611001964636543 0.3589909443725744 0.6424361493123772 0.06338939197930142
13 0.6640471512770137 0.3589909443725744 0.18467583497053044 0.042690815006468305
13 0.768172888015717 0.3589909443725744 0.40471512770137524 0.050452781371280724
13 0.8762278978388998 0.3589909443725744 0.17681728880157171 0.042690815006468305
1 0.10510805500982318 0.03880983182406209 0.20235756385068762 0.0724450194049159
4 0.09823182711198428 0.47089262613195343 0.18860510805500982 0.04657179818887452
5 0.08447937131630648 0.51875808538163 0.16110019646365423 0.04657179818887452
13 0.7023575638506876 0.5815006468305304 0.5481335952848723 0.055627425614489
13 0.611984282907662 0.5821474773609314 0.7485265225933202 0.06985769728331177
13 0.6611001964636543 0.5821474773609314 0.6385068762278978 0.062095730918499355
13 0.6640471512770137 0.5821474773609314 0.18467583497053044 0.04139715394566624
13 0.769155206286837 0.5821474773609314 0.4027504911591356 0.04915912031047866
13 0.8762278978388998 0.5821474773609314 0.17681728880157171 0.04139715394566624
11 0.8359528487229863 0.5827943078913325 0.08447937131630648 0.03492884864165589
4 0.09823182711198428 0.6934023285899095 0.18860510805500982 0.04657179818887452
5 0.08447937131630648 0.7425614489003881 0.16110019646365423 0.04915912031047866
13 0.6532416502946955 0.8053040103492884 0.18271119842829076 0.040103492884864166
13 0.7573673870333988 0.8053040103492884 0.4027504911591356 0.047865459249676584
13 0.6060903732809431 0.8059508408796895 0.7367387033398821 0.06985769728331177
13 0.650294695481336 0.8059508408796895 0.6404715127701375 0.062095730918499355
13 0.6905697445972495 0.8059508408796895 0.5481335952848723 0.054333764553686936
11 0.8241650294695482 0.8059508408796895 0.08447937131630648 0.03622250970245795
13 0.8654223968565815 0.8059508408796895 0.17485265225933203 0.04139715394566624
4 0.09823182711198428 0.9178525226390686 0.18860510805500982 0.047865459249676584
5 0.08546168958742632 0.9670116429495472 0.16306483300589392 0.047865459249676584
11 0.4548133595284872 0.09961190168175937 0.08447937131630648 0.03622250970245795
13 0.18762278978389 0.09961190168175937 0.18664047151277013 0.04139715394566624
11 0.23280943025540274 0.10025873221216042 0.08447937131630648 0.03492884864165589
11 0.35461689587426326 0.10025873221216042 0.06483300589390963 0.03492884864165589
13 0.4106090373280943 0.10025873221216042 0.18467583497053044 0.042690815006468305
11 0.13261296660117877 0.10025873221216042 0.06483300589390963 0.03492884864165589