4 0.3055555555555556 0.18489208633093526 0.5987654320987654 0.053237410071942444
5 0.2654320987654321 0.28489208633093527 0.5061728395061729 0.051798561151079135
2 0.8240740740740741 0.02877697841726619 0.22839506172839505 0.04028776978417266
13 0.6975308641975309 0.029496402877697843 0.5185185185185185 0.04460431654676259
2 0.8240740740740741 0.3402877697841727 0.22839506172839505 0.03884892086330935
13 0.6944444444444444 0.3410071942446043 0.5123456790123457 0.0460431654676259
4 0.3055555555555556 0.4956834532374101 0.5987654320987654 0.053237410071942444
5 0.2623456790123457 0.5956834532374101 0.5123456790123457 0.051798561151079135
2 0.8240740740740741 0.6510791366906474 0.22839506172839505 0.03884892086330935
13 0.691358024691358 0.6517985611510791 0.5185185185185185 0.0460431654676259
4 0.3055555555555556 0.860431654676259 0.5987654320987654 0.051798561151079135
5 0.2623456790123457 0.962589928057554 0.5123456790123457 0.05467625899280575