4 0.1695205479452055 0.19072164948453607 0.3321917808219178 0.054491899852724596
5 0.14554794520547945 0.29381443298969073 0.2842465753424658 0.054491899852724596
2 0.4571917808219178 0.03166421207658321 0.1267123287671233 0.039764359351988215
13 0.386986301369863 0.03240058910162003 0.2876712328767123 0.047128129602356406
13 0.3852739726027397 0.34977908689248893 0.2842465753424658 0.048600883652430045
2 0.4571917808219178 0.34977908689248893 0.1267123287671233 0.039764359351988215
4 0.1695205479452055 0.5633284241531664 0.3321917808219178 0.054491899852724596
13 0.476027397260274 0.6229749631811488 0.2876712328767123 0.047128129602356406
2 0.547945205479452 0.6229749631811488 0.13013698630136986 0.041237113402061855
13 0.3972602739726027 0.6237113402061856 0.4657534246575342 0.054491899852724596
2 0.761986301369863 0.6237113402061856 0.11301369863013698 0.039764359351988215
2 0.22773972602739725 0.6237113402061856 0.11301369863013698 0.039764359351988215
13 0.833904109589041 0.6244477172312224 0.2705479452054795 0.047128129602356406
5 0.14554794520547945 0.6826215022091311 0.2842465753424658 0.054491899852724596
13 0.4845890410958904 0.7422680412371134 0.2910958904109589 0.047128129602356406
13 0.4006849315068493 0.7430044182621502 0.4726027397260274 0.054491899852724596
2 0.5582191780821918 0.7430044182621502 0.13013698630136986 0.039764359351988215
2 0.7688356164383562 0.7430044182621502 0.11301369863013698 0.039764359351988215
2 0.22773972602739725 0.7430044182621502 0.11301369863013698 0.039764359351988215
13 0.839041095890411 0.7437407952871871 0.2671232876712329 0.047128129602356406
4 0.1678082191780822 0.9131075110456554 0.3287671232876712 0.053019145802650956