2 0.5487804878048781 0.25435203094777564 0.3073170731707317 0.05222437137330754
2 0.5634146341463414 0.32205029013539654 0.3073170731707317 0.05222437137330754
13 0.6682926829268293 0.3230174081237911 0.5365853658536586 0.061895551257253385
5 0.26097560975609757 0.3945841392649903 0.40487804878048783 0.06963249516441006
13 0.5024390243902439 0.04061895551257253 0.6829268292682927 0.06576402321083172
2 0.4024390243902439 0.04061895551257253 0.3170731707317073 0.05415860735009671
2 0.5634146341463414 0.46808510638297873 0.3073170731707317 0.05415860735009671
13 0.6682926829268293 0.46808510638297873 0.5365853658536586 0.061895551257253385
2 0.5634146341463414 0.5415860735009671 0.3073170731707317 0.05415860735009671
13 0.6829268292682927 0.5425531914893617 0.5658536585365853 0.06382978723404255
4 0.2975609756097561 0.6141199226305609 0.4682926829268293 0.07156673114119923
13 0.6682926829268293 0.6876208897485493 0.5365853658536586 0.06382978723404255
2 0.5634146341463414 0.688588007736944 0.3073170731707317 0.05415860735009671
5 0.2634146341463415 0.7601547388781431 0.4 0.06963249516441006
2 0.5634146341463414 0.8336557059961315 0.3073170731707317 0.05415860735009671
13 0.6634146341463415 0.8355899419729207 0.5365853658536586 0.061895551257253385
2 0.5634146341463414 0.90715667311412 0.3073170731707317 0.05415860735009671
13 0.6707317073170732 0.9081237911025145 0.551219512195122 0.06382978723404255
4 0.2975609756097561 0.11218568665377177 0.4682926829268293 0.0735009671179884
2 0.5634146341463414 0.18568665377176016 0.3073170731707317 0.05415860735009671
13 0.6658536585365854 0.18762088974854932 0.5414634146341464 0.061895551257253385