10 0.1673866090712743 0.3368237347294939 0.3304535637149028 0.055846422338568937
1 0.10691144708423327 0.05148342059336824 0.20518358531317496 0.09947643979057591
11 0.3563714902807775 0.5157068062827225 0.2894168466522678 0.04712041884816754
13 0.49136069114470843 0.5157068062827225 0.7926565874730022 0.06457242582897033
11 0.8056155507559395 0.5165794066317626 0.09071274298056156 0.04886561954624782
11 0.37904967602591794 0.5924956369982548 0.2915766738660907 0.04712041884816754
13 0.5226781857451404 0.5924956369982548 0.8120950323974082 0.06806282722513089
11 0.6069114470842333 0.6631762652705061 0.2894168466522678 0.04886561954624782
11 0.6079913606911447 0.7286212914485166 0.2915766738660907 0.04712041884816754
14 0.23218142548596113 0.7905759162303665 0.3174946004319654 0.055846422338568937
13 0.17926565874730022 0.12914485165794065 0.2159827213822894 0.04886561954624782