5 0.2645631067961165 0.4070121951219512 0.4029126213592233 0.10670731707317073
13 0.6723300970873787 0.5228658536585366 0.5485436893203883 0.10060975609756098
2 0.5606796116504854 0.524390243902439 0.3058252427184466 0.08536585365853659
13 0.5048543689320388 0.0625 0.6796116504854369 0.10060975609756098
2 0.40048543689320387 0.0625 0.3155339805825243 0.08231707317073171
4 0.2961165048543689 0.6387195121951219 0.46601941747572817 0.11280487804878049
2 0.5485436893203883 0.7469512195121951 0.3106796116504854 0.08536585365853659
5 0.2645631067961165 0.8536585365853658 0.4029126213592233 0.11585365853658537
2 0.5606796116504854 0.17682926829268292 0.3058252427184466 0.08536585365853659
13 0.6699029126213593 0.17835365853658536 0.5436893203883495 0.10060975609756098
4 0.2961165048543689 0.2942073170731707 0.46601941747572817 0.11280487804878049