8 0.4797979797979798 0.25816326530612244 0.8282828282828283 0.06326530612244897
0 0.20959595959595959 0.32346938775510203 0.2878787878787879 0.06326530612244897
11 0.5732323232323232 0.3948979591836735 0.20707070707070707 0.05510204081632653
13 0.6792929292929293 0.3948979591836735 0.5808080808080808 0.0673469387755102
0 0.2297979797979798 0.46530612244897956 0.21717171717171718 0.0653061224489796
7 0.42424242424242425 0.04693877551020408 0.8282828282828283 0.08979591836734693
8 0.39141414141414144 0.6091836734693877 0.5404040404040404 0.06326530612244897
8 0.4015151515151515 0.6755102040816326 0.5606060606060606 0.0653061224489796
8 0.43434343434343436 0.7418367346938776 0.6262626262626263 0.06326530612244897
0 0.23232323232323232 0.8510204081632653 0.3333333333333333 0.0653061224489796
8 0.4722222222222222 0.19183673469387755 0.8131313131313131 0.0653061224489796