3 0.3541666666666667 0.2522255192878338 0.640625 0.04747774480712166
11 0.3502604166666667 0.3004451038575668 0.18489583333333334 0.04302670623145401
6 0.21614583333333334 0.3479228486646884 0.3125 0.04599406528189911
15 0.16015625 0.03560830860534125 0.3098958333333333 0.06528189910979229
13 0.3125 0.44807121661721067 0.3385416666666667 0.050445103857566766
11 0.24869791666666666 0.44807121661721067 0.12239583333333333 0.04154302670623145
10 0.3359375 0.548219584569733 0.4895833333333333 0.04896142433234421
10 0.33203125 0.6765578635014837 0.4869791666666667 0.050445103857566766
8 0.2747395833333333 0.7566765578635015 0.4244791666666667 0.04747774480712166
14 0.2526041666666667 0.8048961424332344 0.3802083333333333 0.04599406528189911
3 0.5013020833333334 0.09643916913946587 0.9921875 0.05637982195845697