2 0.5487804878048781 0.30045871559633025 0.3073170731707317 0.06422018348623854
5 0.26097560975609757 0.38188073394495414 0.40487804878048783 0.08486238532110092
13 0.5024390243902439 0.047018348623853214 0.6829268292682927 0.07568807339449542
2 0.5634146341463414 0.4690366972477064 0.3073170731707317 0.06192660550458716
13 0.6682926829268293 0.4701834862385321 0.5365853658536586 0.07339449541284404
2 0.4024390243902439 0.0481651376146789 0.3170731707317073 0.06422018348623854
2 0.5634146341463414 0.555045871559633 0.3073170731707317 0.06422018348623854
13 0.6634146341463415 0.555045871559633 0.5365853658536586 0.07339449541284404
4 0.2975609756097561 0.6422018348623854 0.4682926829268293 0.08256880733944955
2 0.5487804878048781 0.7224770642201835 0.3073170731707317 0.06422018348623854
5 0.26097560975609757 0.8027522935779816 0.40487804878048783 0.0871559633027523
13 0.6658536585365854 0.8887614678899083 0.5317073170731708 0.07568807339449542
2 0.5634146341463414 0.8899082568807339 0.3073170731707317 0.06422018348623854
4 0.2951219512195122 0.13302752293577982 0.47317073170731705 0.0871559633027523
2 0.5634146341463414 0.22018348623853212 0.3073170731707317 0.06422018348623854
13 0.6658536585365854 0.2213302752293578 0.5317073170731708 0.07568807339449542