2 0.37875 0.5335195530726257 0.1575 0.0782122905027933
2 0.28875 0.6312849162011173 0.0825 0.0782122905027933
2 0.15875 0.63268156424581 0.0825 0.07541899441340782
4 0.12375 0.7304469273743017 0.2375 0.09776536312849161
2 0.2875 0.8268156424581006 0.085 0.0782122905027933
2 0.15875 0.8282122905027933 0.0825 0.07541899441340782
1 0.49875 0.08379888268156424 0.9925 0.1564245810055866
2 0.66375 0.0893854748603352 0.0825 0.0782122905027933
2 0.7575 0.0893854748603352 0.08 0.07262569832402235
2 0.89125 0.0893854748603352 0.1525 0.0782122905027933
2 0.43875 0.09078212290502793 0.0775 0.06983240223463687
2 0.5325 0.09078212290502793 0.075 0.07541899441340782
5 0.1075 0.9287709497206704 0.205 0.10335195530726257
5 0.1075 0.2164804469273743 0.205 0.10335195530726257