13 0.4190821256038647 0.19971870604781997 0.4082125603864734 0.0450070323488045
11 0.35628019323671495 0.20042194092827004 0.20531400966183574 0.040787623066104076
13 0.5265700483091788 0.26371308016877637 0.3961352657004831 0.04922644163150492
13 0.5942028985507246 0.26441631504922647 0.5458937198067633 0.053445850914205346
11 0.6256038647342995 0.26441631504922647 0.18357487922705315 0.03938115330520394
11 0.4166666666666667 0.2651195499296765 0.16666666666666666 0.0379746835443038
13 0.5398550724637681 0.2651195499296765 0.7608695652173914 0.06329113924050633
11 0.8079710144927537 0.2651195499296765 0.10386473429951691 0.0379746835443038
15 0.1473429951690821 0.03234880450070324 0.2898550724637681 0.06188466947960619
11 0.5301932367149759 0.3670886075949367 0.21014492753623187 0.03938115330520394
13 0.5253623188405797 0.48452883263009844 0.39855072463768115 0.046413502109704644
13 0.538647342995169 0.48452883263009844 0.7584541062801933 0.06329113924050633
13 0.5942028985507246 0.48452883263009844 0.5458937198067633 0.052039381153305204
11 0.4166666666666667 0.48523206751054854 0.16666666666666666 0.03938115330520394
11 0.6256038647342995 0.48523206751054854 0.18357487922705315 0.03938115330520394
11 0.8067632850241546 0.48523206751054854 0.10628019323671498 0.03938115330520394
11 0.532608695652174 0.5893108298171589 0.21014492753623187 0.03656821378340366
13 0.5410628019323671 0.7348804500703235 0.5458937198067633 0.052039381153305204
11 0.3647342995169082 0.7355836849507735 0.1642512077294686 0.03938115330520394
13 0.4746376811594203 0.7355836849507735 0.39855072463768115 0.04781997187060478
13 0.4855072463768116 0.7355836849507735 0.7632850241545893 0.06188466947960619
11 0.5736714975845411 0.7355836849507735 0.1859903381642512 0.03938115330520394
11 0.7560386473429952 0.7355836849507735 0.10628019323671498 0.03938115330520394
11 0.5748792270531401 0.9444444444444444 0.3188405797101449 0.0379746835443038
11 0.27898550724637683 0.13924050632911392 0.10386473429951691 0.03938115330520394
13 0.34541062801932365 0.139943741209564 0.3140096618357488 0.046413502109704644