0 0.09175084175084175 0.15889830508474576 0.14309764309764308 0.046610169491525424
0 0.4898989898989899 0.3107344632768362 0.9393939393939394 0.04519774011299435
0 0.5092592592592593 0.3573446327683616 0.9781144781144782 0.04519774011299435
1 0.1271043771043771 0.041666666666666664 0.2474747474747475 0.08050847457627118
2 0.15404040404040403 0.04449152542372881 0.05555555555555555 0.038135593220338986
0 0.09175084175084175 0.53954802259887 0.14309764309764308 0.04519774011299435
0 0.5 0.6927966101694916 0.9595959595959596 0.046610169491525424
0 0.5084175084175084 0.7387005649717514 0.9764309764309764 0.04519774011299435
0 0.5 0.8905367231638418 0.9595959595959596 0.046610169491525424
0 0.5092592592592593 0.9371468926553672 0.9781144781144782 0.043785310734463276
2 0.1127946127946128 0.10875706214689265 0.06060606060606061 0.03954802259887006
13 0.1473063973063973 0.1094632768361582 0.1835016835016835 0.046610169491525424