10 0.35772357723577236 0.2683673469387755 0.6178861788617886 0.0673469387755102
11 0.2865853658536585 0.3846938775510204 0.17479674796747968 0.05510204081632653
13 0.37398373983739835 0.3846938775510204 0.4796747967479675 0.0673469387755102
10 0.5223577235772358 0.4561224489795918 0.9390243902439024 0.0673469387755102
7 0.29065040650406504 0.04795918367346939 0.573170731707317 0.09183673469387756
11 0.29065040650406504 0.5724489795918367 0.17479674796747968 0.05510204081632653
13 0.3719512195121951 0.5724489795918367 0.483739837398374 0.0673469387755102
10 0.38414634146341464 0.6438775510204081 0.6707317073170732 0.0673469387755102
8 0.34552845528455284 0.9530612244897959 0.6747967479674797 0.0653061224489796
13 0.37601626016260165 0.19693877551020408 0.47560975609756095 0.0673469387755102
11 0.29065040650406504 0.19795918367346937 0.17479674796747968 0.05714285714285714