13 0.28356164383561644 0.2476489028213166 0.3863013698630137 0.05329153605015674
2 0.3684931506849315 0.2476489028213166 0.13424657534246576 0.0438871473354232
2 0.19863013698630136 0.2476489028213166 0.1232876712328767 0.0438871473354232
13 0.4821917808219178 0.30642633228840127 0.2465753424657534 0.05172413793103448
2 0.42876712328767125 0.3072100313479624 0.1232876712328767 0.0438871473354232
2 0.4328767123287671 0.3996865203761755 0.13150684931506848 0.0438871473354232
13 0.48904109589041095 0.3996865203761755 0.2602739726027397 0.050156739811912224
1 0.4452054794520548 0.045454545454545456 0.8794520547945206 0.0877742946708464
2 0.6534246575342466 0.04780564263322884 0.12876712328767123 0.04231974921630094
2 0.31917808219178084 0.048589341692789965 0.09041095890410959 0.04075235109717868
2 0.42191780821917807 0.0493730407523511 0.08767123287671233 0.04231974921630094
2 0.5287671232876713 0.0493730407523511 0.09315068493150686 0.04231974921630094
2 0.7931506849315069 0.0493730407523511 0.1178082191780822 0.04231974921630094
4 0.136986301369863 0.49294670846394983 0.2684931506849315 0.061128526645768025
2 0.2534246575342466 0.5478056426332288 0.1232876712328767 0.04231974921630094
13 0.3232876712328767 0.603448275862069 0.25753424657534246 0.050156739811912224
2 0.37945205479452054 0.603448275862069 0.13424657534246576 0.0438871473354232
2 0.37397260273972605 0.6614420062695925 0.1232876712328767 0.0438871473354232
13 0.31917808219178084 0.6622257053291536 0.2493150684931507 0.05172413793103448
2 0.2602739726027397 0.7170846394984326 0.13150684931506848 0.04231974921630094
13 0.23972602739726026 0.7719435736677116 0.29863013698630136 0.05172413793103448
2 0.18493150684931506 0.7735109717868338 0.0958904109589041 0.04231974921630094
13 0.3904109589041096 0.12460815047021943 0.2493150684931507 0.05172413793103448
2 0.626027397260274 0.12460815047021943 0.09041095890410959 0.045454545454545456
13 0.32602739726027397 0.12539184952978055 0.38904109589041097 0.05956112852664577
2 0.33287671232876714 0.12539184952978055 0.1232876712328767 0.0438871473354232
13 0.7767123287671233 0.12539184952978055 0.40821917808219177 0.05642633228840126
2 0.7890410958904109 0.12539184952978055 0.13150684931506848 0.0438871473354232
13 0.8452054794520548 0.12539184952978055 0.2602739726027397 0.050156739811912224
2 0.18356164383561643 0.12539184952978055 0.09315068493150686 0.0438871473354232