2 0.2940503432494279 0.29132791327913277 0.07551487414187644 0.07859078590785908
2 0.2929061784897025 0.3780487804878049 0.07780320366132723 0.07317073170731707
5 0.09839816933638444 0.47289972899729 0.18764302059496568 0.1002710027100271
13 0.36613272311212813 0.5745257452574526 0.17848970251716248 0.08672086720867209
2 0.31922196796338675 0.5772357723577236 0.07551487414187644 0.07588075880758807
2 0.32151029748283755 0.6775067750677507 0.07551487414187644 0.07588075880758807
2 0.2631578947368421 0.7818428184281843 0.07780320366132723 0.07317073170731707
1 0.4988558352402746 0.08265582655826559 0.9931350114416476 0.15447154471544716
2 0.2139588100686499 0.08401084010840108 0.07093821510297482 0.07046070460704607
2 0.36041189931350115 0.08536585365853659 0.07093821510297482 0.07317073170731707
2 0.4794050343249428 0.08672086720867209 0.07093821510297482 0.07046070460704607
2 0.7265446224256293 0.08672086720867209 0.07551487414187644 0.07046070460704607
2 0.9359267734553776 0.08672086720867209 0.07322654462242563 0.07046070460704607