3 0.3383838383838384 0.14644351464435146 0.67003367003367 0.044630404463040445
3 0.3383838383838384 0.02510460251046025 0.67003367003367 0.044630404463040445
11 0.6683501683501684 0.2705718270571827 0.29292929292929293 0.03905160390516039
13 0.7424242424242424 0.2705718270571827 0.468013468013468 0.04741980474198047
11 0.5774410774410774 0.3186889818688982 0.29292929292929293 0.03765690376569038
0 0.12962962962962962 0.3647140864714086 0.25252525252525254 0.04602510460251046
11 0.5774410774410774 0.45467224546722457 0.29292929292929293 0.03905160390516039
0 0.12962962962962962 0.499302649930265 0.25252525252525254 0.044630404463040445
11 0.4595959595959596 0.5453277545327755 0.15824915824915825 0.03905160390516039
11 0.23905723905723905 0.5453277545327755 0.16161616161616163 0.03905160390516039
4 0.16666666666666666 0.699442119944212 0.3265993265993266 0.05160390516039052
5 0.1447811447811448 0.7524407252440726 0.2760942760942761 0.05160390516039052
4 0.16666666666666666 0.9100418410041841 0.3265993265993266 0.05160390516039052
5 0.14309764309764308 0.9630404463040446 0.27946127946127947 0.05160390516039052