4 0.12626262626262627 0.4230769230769231 0.24242424242424243 0.13846153846153847
2 0.3005050505050505 0.5769230769230769 0.08080808080808081 0.1076923076923077
2 0.42045454545454547 0.5769230769230769 0.08333333333333333 0.1076923076923077
2 0.571969696969697 0.5769230769230769 0.08333333333333333 0.1076923076923077
13 0.7007575757575758 0.5769230769230769 0.3560606060606061 0.14615384615384616
2 0.7032828282828283 0.5769230769230769 0.08333333333333333 0.1076923076923077
13 0.7626262626262627 0.5769230769230769 0.21717171717171718 0.12307692307692308
2 0.821969696969697 0.5769230769230769 0.08333333333333333 0.1076923076923077
2 0.16792929292929293 0.5769230769230769 0.08333333333333333 0.1076923076923077
13 0.29797979797979796 0.5788461538461539 0.35353535353535354 0.1423076923076923
13 0.3611111111111111 0.5788461538461539 0.21717171717171718 0.12692307692307692
13 0.29797979797979796 0.7423076923076923 0.35353535353535354 0.14615384615384616
13 0.35984848484848486 0.7423076923076923 0.21464646464646464 0.12307692307692308
2 0.42045454545454547 0.7423076923076923 0.08333333333333333 0.1076923076923077
13 0.6994949494949495 0.7423076923076923 0.35353535353535354 0.14615384615384616
2 0.7032828282828283 0.7423076923076923 0.08333333333333333 0.1076923076923077
13 0.7626262626262627 0.7423076923076923 0.21717171717171718 0.12307692307692308
2 0.821969696969697 0.7423076923076923 0.08333333333333333 0.1076923076923077
2 0.16792929292929293 0.7423076923076923 0.08333333333333333 0.1076923076923077
2 0.3005050505050505 0.7442307692307693 0.08080808080808081 0.10384615384615385
2 0.571969696969697 0.7442307692307693 0.08333333333333333 0.11153846153846154
5 0.10732323232323232 0.9019230769230769 0.20959595959595959 0.1423076923076923
2 0.29419191919191917 0.11923076923076924 0.07828282828282829 0.1
2 0.38762626262626265 0.11923076923076924 0.07828282828282829 0.1
2 0.48358585858585856 0.11923076923076924 0.07828282828282829 0.1
2 0.5808080808080808 0.11923076923076924 0.08080808080808081 0.1
2 0.7702020202020202 0.11923076923076924 0.08080808080808081 0.1
2 0.928030303030303 0.11923076923076924 0.07828282828282829 0.1
2 0.6742424242424242 0.12307692307692308 0.08080808080808081 0.1
2 0.16287878787878787 0.2846153846153846 0.08333333333333333 0.1076923076923077
2 0.2916666666666667 0.2865384615384615 0.08333333333333333 0.10384615384615385