13 0.3833049403747871 0.2093469910371319 0.1839863713798978 0.04225352112676056
13 0.6081771720613288 0.2093469910371319 0.1839863713798978 0.04225352112676056
13 0.823679727427598 0.2093469910371319 0.18228279386712096 0.04481434058898848
13 0.15843270868824533 0.2093469910371319 0.18057921635434412 0.04225352112676056
11 0.348381601362862 0.20998719590268886 0.056218057921635436 0.03585147247119078
11 0.5724020442930153 0.20998719590268886 0.05792163543441227 0.03585147247119078
11 0.7887563884156729 0.20998719590268886 0.05792163543441227 0.03585147247119078
11 0.12265758091993186 0.20998719590268886 0.05792163543441227 0.03585147247119078
15 0.10477001703577513 0.02880921895006402 0.20272572402044292 0.05505761843790013
13 0.2453151618398637 0.31306017925736235 0.303236797274276 0.0499359795134443
11 0.262350936967632 0.31306017925736235 0.05792163543441227 0.03713188220230474
13 0.2972742759795571 0.31306017925736235 0.13798977853492334 0.04225352112676056
11 0.16183986371379896 0.31370038412291934 0.0817717206132879 0.03585147247119078
13 0.20442930153321975 0.47567221510883484 0.1839863713798978 0.04225352112676056
11 0.1686541737649063 0.47631241997439183 0.05792163543441227 0.03585147247119078
11 0.1686541737649063 0.5928297055057619 0.05792163543441227 0.03585147247119078
13 0.20442930153321975 0.5934699103713188 0.1839863713798978 0.04225352112676056
11 0.19846678023850084 0.6421254801536491 0.08006814310051108 0.03713188220230474
13 0.2342419080068143 0.6421254801536491 0.2061328790459966 0.04225352112676056
11 0.217206132879046 0.7586427656850192 0.08006814310051108 0.03713188220230474
13 0.252129471890971 0.7592829705505761 0.20783645655877342 0.04353393085787452
13 0.14821124361158433 0.08130601792573623 0.1839863713798978 0.04481434058898848
11 0.1141396933560477 0.08194622279129321 0.05792163543441227 0.03585147247119078