13 0.2857142857142857 0.2136 0.23109243697478993 0.0528
2 0.2426470588235294 0.2144 0.1323529411764706 0.0448
2 0.23634453781512604 0.2704 0.1323529411764706 0.0448
13 0.21428571428571427 0.0328 0.29411764705882354 0.0528
2 0.2426470588235294 0.3264 0.1323529411764706 0.0448
13 0.2867647058823529 0.3264 0.23319327731092437 0.0544
2 0.17331932773109243 0.0336 0.13655462184873948 0.0448
5 0.11239495798319328 0.3864 0.17436974789915966 0.0592
13 0.28781512605042014 0.4472 0.23109243697478993 0.0528
2 0.2426470588235294 0.448 0.1323529411764706 0.0448
2 0.1722689075630252 0.5424 0.13445378151260504 0.0448
13 0.21638655462184875 0.5432 0.29831932773109243 0.0528
13 0.2867647058823529 0.6024 0.22899159663865545 0.0528
2 0.2415966386554622 0.6032 0.13445378151260504 0.0448
4 0.12710084033613445 0.6632 0.20378151260504201 0.0592
2 0.36554621848739494 0.728 0.13025210084033614 0.0448
13 0.32983193277310924 0.7288 0.4117647058823529 0.0624
13 0.41281512605042014 0.7288 0.23739495798319327 0.0528
13 0.7804621848739496 0.7288 0.4096638655462185 0.0624
2 0.819327731092437 0.7288 0.13025210084033614 0.0432
13 0.8634453781512605 0.7288 0.23109243697478993 0.0528
13 0.32983193277310924 0.7976 0.4117647058823529 0.0624
2 0.36659663865546216 0.7976 0.1323529411764706 0.0432
13 0.41281512605042014 0.7976 0.23739495798319327 0.0496
2 0.8182773109243697 0.7976 0.1323529411764706 0.0432
13 0.8634453781512605 0.7976 0.23109243697478993 0.0528
13 0.7804621848739496 0.7984 0.41386554621848737 0.0608
5 0.11449579831932773 0.8616 0.17436974789915966 0.0592
2 0.2426470588235294 0.9224 0.1323529411764706 0.0464
13 0.2867647058823529 0.9232 0.23319327731092437 0.0512
2 0.2426470588235294 0.0936 0.1323529411764706 0.0464
13 0.2867647058823529 0.0936 0.23319327731092437 0.0528
4 0.12710084033613445 0.1536 0.20378151260504201 0.0576