13 0.3359223300970874 0.20599739243807041 0.16310679611650486 0.041720990873533245
2 0.3786407766990291 0.20664928292046936 0.06601941747572816 0.035202086049543675
2 0.24563106796116504 0.25097783572359844 0.06407766990291262 0.035202086049543675
2 0.14563106796116504 0.25097783572359844 0.06601941747572816 0.035202086049543675
4 0.11844660194174757 0.29726205997392435 0.18640776699029127 0.0469361147327249
2 0.14466019417475728 0.34224250325945244 0.06407766990291262 0.035202086049543675
2 0.2446601941747573 0.3428943937418514 0.06601941747572816 0.03650586701434159
1 0.44854368932038835 0.038461538461538464 0.8893203883495145 0.07431551499348109
5 0.10485436893203884 0.3891786179921773 0.15922330097087378 0.048239895697522815
2 0.3233009708737864 0.04041720990873533 0.06019417475728155 0.03389830508474576
2 0.3970873786407767 0.04041720990873533 0.06019417475728155 0.03389830508474576
2 0.516504854368932 0.04041720990873533 0.05825242718446602 0.03389830508474576
2 0.7679611650485437 0.04041720990873533 0.06019417475728155 0.03389830508474576
2 0.8407766990291262 0.04041720990873533 0.062135922330097085 0.03650586701434159
2 0.2504854368932039 0.04106910039113429 0.062135922330097085 0.035202086049543675
2 0.6233009708737864 0.04106910039113429 0.062135922330097085 0.035202086049543675
13 0.341747572815534 0.4876140808344198 0.17475728155339806 0.041720990873533245
2 0.39029126213592236 0.4876140808344198 0.06601941747572816 0.03650586701434159
0 0.5077669902912622 0.5391134289439374 0.9689320388349515 0.0560625814863103
2 0.17184466019417477 0.5391134289439374 0.06407766990291262 0.035202086049543675
2 0.26310679611650484 0.5397653194263363 0.06407766990291262 0.03650586701434159
2 0.3485436893203884 0.5397653194263363 0.06407766990291262 0.03650586701434159
13 0.4436893203883495 0.5397653194263363 0.26990291262135924 0.04954367666232073
13 0.49223300970873785 0.5397653194263363 0.16116504854368932 0.041720990873533245
2 0.5349514563106796 0.5397653194263363 0.06407766990291262 0.03650586701434159
13 0.2174757281553398 0.5404172099087353 0.1669902912621359 0.04302477183833116
2 0.9495145631067962 0.5404172099087353 0.062135922330097085 0.035202086049543675
13 0.4970873786407767 0.5958279009126467 0.16310679611650486 0.041720990873533245
13 0.2203883495145631 0.5964797913950456 0.16893203883495145 0.04302477183833116
2 0.2689320388349515 0.5964797913950456 0.06407766990291262 0.035202086049543675
2 0.3524271844660194 0.5964797913950456 0.06407766990291262 0.03780964797913951
13 0.4495145631067961 0.5964797913950456 0.26990291262135924 0.05084745762711865
0 0.5106796116504855 0.5964797913950456 0.970873786407767 0.0560625814863103
2 0.5407766990291262 0.5971316818774446 0.06407766990291262 0.03650586701434159
2 0.9533980582524272 0.5971316818774446 0.062135922330097085 0.03389830508474576
2 0.17281553398058253 0.5971316818774446 0.06601941747572816 0.03650586701434159
2 0.14466019417475728 0.6453715775749674 0.06407766990291262 0.03650586701434159
2 0.24563106796116504 0.6466753585397653 0.06407766990291262 0.03650586701434159
13 0.3320388349514563 0.7405475880052151 0.1553398058252427 0.041720990873533245
2 0.3737864077669903 0.741199478487614 0.06407766990291262 0.035202086049543675
4 0.11941747572815534 0.7900912646675359 0.1883495145631068 0.0469361147327249
5 0.10485436893203884 0.8402868318122555 0.15922330097087378 0.048239895697522815
2 0.3786407766990291 0.9380704041720991 0.06601941747572816 0.035202086049543675
13 0.3359223300970874 0.9387222946544981 0.16310679611650486 0.041720990873533245
13 0.20970873786407768 0.10430247718383312 0.21359223300970873 0.041720990873533245
13 0.25145631067961166 0.10430247718383312 0.37087378640776697 0.04954367666232073
2 0.2766990291262136 0.10430247718383312 0.06407766990291262 0.03650586701434159