13 0.38310580204778155 0.25952380952380955 0.1825938566552901 0.05238095238095238
11 0.34812286689419797 0.26031746031746034 0.05802047781569966 0.047619047619047616
11 0.5733788395904437 0.26031746031746034 0.05802047781569966 0.044444444444444446
13 0.6092150170648464 0.26031746031746034 0.18430034129692832 0.05396825396825397
11 0.78839590443686 0.26031746031746034 0.05802047781569966 0.044444444444444446
13 0.8250853242320819 0.26031746031746034 0.1825938566552901 0.05396825396825397
11 0.12286689419795221 0.26031746031746034 0.05802047781569966 0.044444444444444446
13 0.15784982935153583 0.26031746031746034 0.1825938566552901 0.05396825396825397
15 0.10409556313993173 0.0373015873015873 0.20477815699658702 0.07142857142857142
11 0.15102389078498293 0.38412698412698415 0.05631399317406143 0.044444444444444446
13 0.18600682593856654 0.38492063492063494 0.18430034129692832 0.05238095238095238
11 0.17918088737201365 0.4444444444444444 0.07849829351535836 0.044444444444444446
13 0.2150170648464164 0.4452380952380952 0.20819112627986347 0.05238095238095238
11 0.19795221843003413 0.5904761904761905 0.08191126279863481 0.044444444444444446
13 0.23293515358361774 0.5904761904761905 0.20648464163822525 0.05396825396825397
13 0.18515358361774745 0.803968253968254 0.1825938566552901 0.05238095238095238
11 0.1493174061433447 0.8047619047619048 0.05631399317406143 0.044444444444444446
11 0.11433447098976109 0.10158730158730159 0.05802047781569966 0.044444444444444446
13 0.1476109215017065 0.10238095238095238 0.18600682593856654 0.05238095238095238