2 0.2647058823529412 0.19465081723625557 0.14823529411764705 0.041604754829123326
2 0.27176470588235296 0.24591381872213966 0.14823529411764705 0.04309063893016345
13 0.32 0.2473997028231798 0.25882352941176473 0.04903417533432392
13 0.24235294117647058 0.030460624071322436 0.32941176470588235 0.04903417533432392
2 0.19294117647058823 0.030460624071322436 0.15529411764705883 0.04309063893016345
2 0.27058823529411763 0.3031203566121842 0.14588235294117646 0.041604754829123326
13 0.3211764705882353 0.3038632986627043 0.2611764705882353 0.04903417533432392
13 0.30941176470588233 0.362555720653789 0.3458823529411765 0.0475482912332838
13 0.8482352941176471 0.362555720653789 0.2611764705882353 0.0475482912332838
2 0.40352941176470586 0.36329866270430905 0.14823529411764705 0.04011887072808321
13 0.7552941176470588 0.36329866270430905 0.45647058823529413 0.05794947994056464
2 0.7988235294117647 0.3640416047548291 0.14823529411764705 0.041604754829123326
5 0.12705882352941175 0.4234769687964339 0.19294117647058823 0.05349182763744428
13 0.2411764705882353 0.5111441307578009 0.3270588235294118 0.05052005943536404
2 0.19176470588235295 0.5118870728083209 0.15294117647058825 0.04309063893016345
4 0.14352941176470588 0.5668647845468053 0.22588235294117648 0.0549777117384844
2 0.2647058823529412 0.6196136701337296 0.14823529411764705 0.041604754829123326
2 0.2635294117647059 0.6679049034175334 0.14588235294117646 0.04011887072808321
2 0.27176470588235296 0.7206537890044576 0.14823529411764705 0.041604754829123326
13 0.3211764705882353 0.7206537890044576 0.2611764705882353 0.0475482912332838
2 0.2635294117647059 0.7726597325408618 0.15058823529411763 0.041604754829123326
2 0.26588235294117646 0.8202080237741456 0.15058823529411763 0.041604754829123326
4 0.1423529411764706 0.08543833580980684 0.22823529411764706 0.0549777117384844
5 0.12705882352941175 0.8722139673105498 0.19294117647058823 0.05349182763744428
2 0.27176470588235296 0.9286775631500743 0.14823529411764705 0.041604754829123326
13 0.3211764705882353 0.9294205052005944 0.2564705882352941 0.04903417533432392
2 0.27294117647058824 0.1426448736998514 0.15058823529411763 0.041604754829123326
13 0.32 0.1426448736998514 0.25882352941176473 0.0475482912332838