4 0.16805555555555557 0.37755102040816324 0.26944444444444443 0.08390022675736962
11 0.18472222222222223 0.046485260770975055 0.09166666666666666 0.061224489795918366
13 0.25416666666666665 0.046485260770975055 0.325 0.07482993197278912
13 0.31805555555555554 0.46938775510204084 0.30833333333333335 0.07256235827664399
13 0.7513888888888889 0.46938775510204084 0.4527777777777778 0.08616780045351474
11 0.8041666666666667 0.46938775510204084 0.09166666666666666 0.06349206349206349
13 0.8611111111111112 0.46938775510204084 0.2222222222222222 0.07256235827664399
13 0.31805555555555554 0.5668934240362812 0.30833333333333335 0.07256235827664399
13 0.75 0.5668934240362812 0.4444444444444444 0.08616780045351474
11 0.7972222222222223 0.5668934240362812 0.09444444444444444 0.06349206349206349
13 0.8541666666666666 0.5668934240362812 0.21944444444444444 0.07256235827664399
5 0.1486111111111111 0.6587301587301587 0.23055555555555557 0.08390022675736962