2 0.1890625 0.20985401459854014 0.165625 0.051094890510948905
2 0.3640625 0.4854014598540146 0.103125 0.051094890510948905
2 0.2015625 0.4854014598540146 0.103125 0.051094890510948905
4 0.15625 0.5501824817518248 0.3 0.06751824817518248
1 0.4921875 0.05748175182481752 0.971875 0.10401459854014598
2 0.6265625 0.06113138686131387 0.153125 0.04927007299270073
2 0.8921875 0.06113138686131387 0.096875 0.04927007299270073
5 0.1359375 0.6177007299270073 0.259375 0.06751824817518248
2 0.4359375 0.06204379562043796 0.178125 0.04744525547445255
2 0.771875 0.06204379562043796 0.1 0.04744525547445255
2 0.2 0.6824817518248175 0.1875 0.051094890510948905
13 0.5984375 0.7463503649635036 0.346875 0.051094890510948905
13 0.5421875 0.9142335766423357 0.234375 0.051094890510948905
13 0.584375 0.145985401459854 0.3625 0.04744525547445255
13 0.6796875 0.145985401459854 0.571875 0.058394160583941604