13 0.46537842190016104 0.15091863517060367 0.8244766505636071 0.05774278215223097
11 0.2938808373590982 0.15223097112860892 0.11755233494363929 0.03674540682414698
6 0.27616747181964574 0.20800524934383202 0.5136876006441223 0.051181102362204724
13 0.39855072463768115 0.20800524934383202 0.23993558776167473 0.03543307086614173
13 0.4822866344605475 0.2926509186351706 0.822866344605475 0.05774278215223097
11 0.3115942028985507 0.2933070866141732 0.12077294685990338 0.03543307086614173
6 0.2962962962962963 0.34908136482939633 0.5185185185185185 0.049868766404199474
13 0.4227053140096618 0.349737532808399 0.23993558776167473 0.03543307086614173
1 0.12560386473429952 0.03937007874015748 0.24798711755233493 0.07611548556430446
13 0.5 0.4343832020997375 0.822866344605475 0.05774278215223097
11 0.3276972624798712 0.43503937007874016 0.12077294685990338 0.03543307086614173
6 0.3115942028985507 0.4914698162729659 0.5104669887278583 0.048556430446194225
13 0.43478260869565216 0.4921259842519685 0.24154589371980675 0.03674540682414698
13 0.5177133655394525 0.5761154855643045 0.822866344605475 0.05774278215223097
11 0.3462157809983897 0.5767716535433071 0.11916264090177134 0.03543307086614173
6 0.3285024154589372 0.6325459317585301 0.5088566827697263 0.05249343832020997
13 0.45088566827697263 0.6338582677165354 0.24154589371980675 0.03674540682414698
13 0.534621578099839 0.7178477690288714 0.821256038647343 0.05774278215223097
11 0.36231884057971014 0.7191601049868767 0.11916264090177134 0.03674540682414698
6 0.3462157809983897 0.7749343832020997 0.5120772946859904 0.051181102362204724
13 0.46859903381642515 0.7749343832020997 0.24154589371980675 0.03543307086614173