6 0.33612040133779264 0.21676300578034682 0.5852842809364549 0.06358381502890173
6 0.43645484949832775 0.325626204238921 0.7859531772575251 0.07321772639691715
11 0.5083612040133779 0.325626204238921 0.3010033444816054 0.05394990366088632
13 0.5 0.44026974951830444 0.7792642140468228 0.06358381502890173
11 0.3193979933110368 0.441233140655106 0.2976588628762542 0.05394990366088632
6 0.23578595317725753 0.5077071290944123 0.391304347826087 0.06358381502890173
1 0.4180602006688963 0.055876685934489405 0.822742474916388 0.10789980732177264
6 0.43645484949832775 0.6165703275529865 0.7859531772575251 0.07321772639691715
11 0.5066889632107023 0.617533718689788 0.2976588628762542 0.05202312138728324
13 0.4899665551839465 0.7312138728323699 0.7591973244147158 0.06358381502890173
11 0.3177257525083612 0.7321772639691715 0.3010033444816054 0.05394990366088632
6 0.24581939799331104 0.7986512524084779 0.40468227424749165 0.06358381502890173
6 0.43645484949832775 0.9075144508670521 0.7859531772575251 0.07321772639691715
11 0.5083612040133779 0.9075144508670521 0.3010033444816054 0.05394990366088632
13 0.4498327759197324 0.14932562620423892 0.6722408026755853 0.06358381502890173
11 0.3177257525083612 0.14932562620423892 0.3010033444816054 0.05202312138728324