2 0.16500711237553342 0.3359375 0.04551920341394026 0.090625
2 0.09246088193456614 0.3359375 0.04836415362731152 0.090625
13 0.36059743954480794 0.459375 0.19772403982930298 0.1
2 0.6699857752489331 0.459375 0.04836415362731152 0.0875
13 0.8193456614509246 0.459375 0.19914651493598862 0.1
13 0.16145092460881935 0.4609375 0.155049786628734 0.103125
2 0.21052631578947367 0.4609375 0.04836415362731152 0.090625
13 0.2716927453769559 0.4609375 0.43243243243243246 0.121875
13 0.7297297297297297 0.4609375 0.4295874822190612 0.121875
13 0.620199146514936 0.4625 0.15647226173541964 0.10625
11 0.17069701280227595 0.925 0.06258890469416785 0.0875
10 0.10597439544807966 0.9265625 0.20625889046941678 0.103125
1 0.112375533428165 0.09375 0.21906116642958748 0.175
2 0.18349928876244664 0.0984375 0.04551920341394026 0.084375
2 0.1301564722617354 0.0984375 0.04694167852062589 0.084375
10 0.11450924608819346 0.234375 0.2233285917496444 0.1