13 0.6634146341463415 0.40536277602523657 0.5365853658536586 0.10410094637223975
2 0.5634146341463414 0.4069400630914827 0.3073170731707317 0.08832807570977919
2 0.551219512195122 0.5173501577287066 0.3121951219512195 0.08832807570977919
5 0.26097560975609757 0.6261829652996845 0.40487804878048783 0.1167192429022082
13 0.5024390243902439 0.06466876971608833 0.6829268292682927 0.10410094637223975
2 0.4024390243902439 0.06624605678233439 0.3170731707317073 0.08832807570977919
2 0.5487804878048781 0.7365930599369085 0.3073170731707317 0.08517350157728706
2 0.5634146341463414 0.8485804416403786 0.3073170731707317 0.08832807570977919
13 0.6658536585365854 0.8501577287066246 0.5317073170731708 0.10410094637223975
2 0.5487804878048781 0.17665615141955837 0.3073170731707317 0.08832807570977919
4 0.2951219512195122 0.2854889589905363 0.47317073170731705 0.1167192429022082