2 0.3770491803278688 0.6312849162011173 0.11147540983606558 0.0782122905027933
2 0.2098360655737705 0.6312849162011173 0.10491803278688525 0.0782122905027933
4 0.16393442622950818 0.7304469273743017 0.31475409836065577 0.10335195530726257
2 0.2081967213114754 0.8254189944134078 0.10819672131147541 0.07541899441340782
2 0.3770491803278688 0.8268156424581006 0.11147540983606558 0.0782122905027933
1 0.5 0.08379888268156424 0.9934426229508196 0.1564245810055866
2 0.6098360655737705 0.08798882681564246 0.10491803278688525 0.07541899441340782
2 0.48688524590163934 0.0893854748603352 0.10163934426229508 0.07262569832402235
2 0.780327868852459 0.09078212290502793 0.10491803278688525 0.07541899441340782
2 0.9049180327868852 0.09078212290502793 0.10491803278688525 0.07541899441340782
5 0.1377049180327869 0.9287709497206704 0.26885245901639343 0.10335195530726257
5 0.14098360655737704 0.2164804469273743 0.26885245901639343 0.10335195530726257