11 0.6208791208791209 0.2424778761061947 0.1043956043956044 0.049557522123893805
13 0.6785714285714286 0.2424778761061947 0.3076923076923077 0.06017699115044248
11 0.260989010989011 0.2424778761061947 0.0989010989010989 0.049557522123893805
13 0.3173076923076923 0.24336283185840707 0.30494505494505497 0.0584070796460177
13 0.7362637362637363 0.3752212389380531 0.3131868131868132 0.05663716814159292
11 0.29395604395604397 0.3769911504424779 0.10989010989010989 0.049557522123893805
13 0.35027472527472525 0.3769911504424779 0.31043956043956045 0.05663716814159292
11 0.6826923076923077 0.3769911504424779 0.10714285714285714 0.049557522123893805
12 0.27197802197802196 0.04070796460176991 0.5384615384615384 0.07787610619469026
10 0.39972527472527475 0.4433628318584071 0.5576923076923077 0.0584070796460177
11 0.27884615384615385 0.6008849557522123 0.10714285714285714 0.047787610619469026
13 0.33516483516483514 0.6008849557522123 0.3131868131868132 0.0584070796460177
10 0.44505494505494503 0.6637168141592921 0.6428571428571429 0.05663716814159292
11 0.28983516483516486 0.16991150442477876 0.25 0.049557522123893805
13 0.3475274725274725 0.17079646017699116 0.4532967032967033 0.0584070796460177