11 0.4019933554817276 0.21647819063004847 0.26578073089701 0.045234248788368334
13 0.4883720930232558 0.21647819063004847 0.5448504983388704 0.05492730210016155
0 0.11627906976744186 0.27463651050080773 0.1461794019933555 0.051696284329563816
15 0.2059800664451827 0.036348949919224556 0.39867109634551495 0.07269789983844911
13 0.4983388704318937 0.3651050080775444 0.7043189368770764 0.05492730210016155
0 0.14950166112956811 0.42164781906300486 0.1461794019933555 0.05492730210016155
11 0.3953488372093023 0.4781906300484653 0.17940199335548174 0.045234248788368334
13 0.48172757475083056 0.4781906300484653 0.4584717607973422 0.05492730210016155
0 0.1511627906976744 0.5355411954765751 0.14950166112956811 0.05654281098546042
13 0.5299003322259136 0.6260096930533118 0.6943521594684385 0.05331179321486268
0 0.18604651162790697 0.6817447495961227 0.1461794019933555 0.05492730210016155
11 0.42857142857142855 0.7399030694668821 0.17275747508305647 0.045234248788368334
13 0.5149501661129569 0.7407108239095315 0.45182724252491696 0.05331179321486268
0 0.1877076411960133 0.7972536348949919 0.14950166112956811 0.05331179321486268
13 0.5 0.10258481421647819 0.7807308970099668 0.05331179321486268
0 0.11461794019933555 0.16074313408723748 0.14285714285714285 0.05654281098546042