4 0.2951219512195122 0.31912144702842377 0.47317073170731705 0.09560723514211886
2 0.5634146341463414 0.4160206718346253 0.3073170731707317 0.07235142118863049
13 0.6658536585365854 0.4160206718346253 0.5317073170731708 0.082687338501292
2 0.5634146341463414 0.5142118863049095 0.3073170731707317 0.07235142118863049
13 0.6804878048780488 0.5142118863049095 0.5609756097560976 0.082687338501292
13 0.5024390243902439 0.05297157622739018 0.6829268292682927 0.08527131782945736
2 0.4024390243902439 0.05426356589147287 0.3170731707317073 0.07235142118863049
2 0.5487804878048781 0.6046511627906976 0.3073170731707317 0.07235142118863049
2 0.5463414634146342 0.6886304909560723 0.3121951219512195 0.06976744186046512
5 0.26097560975609757 0.7790697674418605 0.40487804878048783 0.09560723514211886
2 0.5634146341463414 0.875968992248062 0.3073170731707317 0.07235142118863049
13 0.6804878048780488 0.8785529715762274 0.5707317073170731 0.082687338501292
2 0.5487804878048781 0.14470284237726097 0.3073170731707317 0.07235142118863049
2 0.5487804878048781 0.22739018087855298 0.3073170731707317 0.07235142118863049