11 0.27088948787061995 0.21437740693196405 0.0889487870619946 0.03594351732991014
13 0.3274932614555256 0.21437740693196405 0.21293800539083557 0.0410783055198973
4 0.16172506738544473 0.2631578947368421 0.2587601078167116 0.04621309370988447
11 0.1792452830188679 0.026957637997432605 0.0889487870619946 0.03594351732991014
13 0.24797843665768193 0.027599486521181 0.31266846361185985 0.044929396662387676
13 0.3746630727762803 0.31450577663671375 0.431266846361186 0.04878048780487805
11 0.42183288409703507 0.31450577663671375 0.0889487870619946 0.03594351732991014
13 0.4784366576819407 0.31514762516046213 0.21293800539083557 0.04236200256739409
13 0.7951482479784366 0.3157894736842105 0.3018867924528302 0.0410783055198973
5 0.14420485175202155 0.36713735558408217 0.22371967654986524 0.04878048780487805
11 0.20889487870619947 0.4428754813863928 0.0889487870619946 0.03594351732991014
13 0.2776280323450135 0.4435173299101412 0.32345013477088946 0.04236200256739409
4 0.1940700808625337 0.6726572528883183 0.2587601078167116 0.04621309370988447
11 0.4582210242587601 0.7233632862644416 0.09164420485175202 0.03465982028241335
13 0.5134770889487871 0.7233632862644416 0.21293800539083557 0.04236200256739409
13 0.408355795148248 0.72400513478819 0.4393530997304582 0.04621309370988447
13 0.8315363881401617 0.7246469833119383 0.3045822102425876 0.04236200256739409
11 0.45148247978436656 0.7792041078305519 0.0889487870619946 0.03594351732991014
13 0.8234501347708895 0.7792041078305519 0.2991913746630728 0.0410783055198973
13 0.5067385444743935 0.7798459563543004 0.215633423180593 0.04236200256739409
13 0.40431266846361186 0.7804878048780488 0.431266846361186 0.04878048780487805
5 0.1738544474393531 0.8305519897304237 0.2183288409703504 0.04621309370988447