0 0.48479913137893593 0.20930232558139536 0.9652551574375678 0.06797853309481217
13 0.13409337676438654 0.2110912343470483 0.13355048859934854 0.06082289803220036
11 0.15798045602605862 0.2110912343470483 0.07926167209554831 0.05008944543828265
0 0.48425624321389793 0.2772808586762075 0.9663409337676439 0.06797853309481217
13 0.13355048859934854 0.278175313059034 0.13463626492942454 0.059033989266547404
11 0.15798045602605862 0.278175313059034 0.07926167209554831 0.0518783542039356
0 0.16829533116178066 0.3425760286225403 0.3322475570032573 0.055456171735241505
11 0.12866449511400652 0.4087656529516995 0.13572204125950055 0.0518783542039356
13 0.1503800217155266 0.4087656529516995 0.2182410423452769 0.059033989266547404
11 0.3333333333333333 0.4087656529516995 0.05211726384364821 0.0518783542039356
13 0.3713355048859935 0.4087656529516995 0.16286644951140064 0.059033989266547404
3 0.10749185667752444 0.48300536672629696 0.18675352877307275 0.07513416815742398
13 0.31921824104234525 0.4847942754919499 0.1737242128121607 0.06082289803220036
11 0.2931596091205212 0.4865831842576029 0.08903365906623235 0.05008944543828265
1 0.09174809989142237 0.057245080500894455 0.1791530944625407 0.1037567084078712
8 0.10477741585233442 0.6118067978533095 0.15743756786102062 0.057245080500894455
6 0.09066232356134636 0.669051878354204 0.12920738327904452 0.057245080500894455
13 0.6655808903365906 0.7808586762075134 0.6536373507057546 0.08050089445438283
13 0.7844733984799132 0.7808586762075134 0.31378935939196523 0.059033989266547404
13 0.8061889250814332 0.7808586762075134 0.36373507057546145 0.06976744186046512
13 0.7844733984799132 0.9051878354203936 0.31378935939196523 0.057245080500894455
13 0.8067318132464713 0.90608228980322 0.36482084690553745 0.06976744186046512
13 0.6655808903365906 0.9069767441860465 0.6536373507057546 0.07871198568872988