2 0.09246088193456614 0.3338557993730408 0.04836415362731152 0.09090909090909091
2 0.16571834992887624 0.335423197492163 0.049786628733997154 0.0877742946708464
13 0.6194879089615932 0.4608150470219436 0.155049786628734 0.10031347962382445
2 0.6699857752489331 0.4608150470219436 0.04836415362731152 0.0877742946708464
13 0.7297297297297297 0.4608150470219436 0.4295874822190612 0.11912225705329153
13 0.8200568990042674 0.4608150470219436 0.19772403982930298 0.10658307210031348
13 0.16145092460881935 0.46238244514106586 0.155049786628734 0.10344827586206896
2 0.2112375533428165 0.46238244514106586 0.049786628733997154 0.09090909090909091
13 0.2716927453769559 0.46238244514106586 0.4295874822190612 0.12225705329153605
13 0.36059743954480794 0.46238244514106586 0.19772403982930298 0.10344827586206896
1 0.112375533428165 0.09247648902821316 0.21906116642958748 0.1786833855799373
11 0.17069701280227595 0.9278996865203761 0.06258890469416785 0.0877742946708464
10 0.10597439544807966 0.9278996865203761 0.20625889046941678 0.10658307210031348
2 0.18349928876244664 0.09717868338557993 0.04836415362731152 0.08150470219435736
2 0.1287339971550498 0.0987460815047022 0.04694167852062589 0.08463949843260188
10 0.11379800853485064 0.23197492163009403 0.22190611664295876 0.10031347962382445