11 0.3793969849246231 0.2992565055762082 0.2562814070351759 0.05204460966542751
13 0.4798994974874372 0.2992565055762082 0.628140703517588 0.06319702602230483
10 0.5025125628140703 0.3643122676579926 0.8743718592964824 0.05947955390334572
9 0.5276381909547738 0.42379182156133827 0.9246231155778895 0.05947955390334572
7 0.3592964824120603 0.04275092936802974 0.6984924623115578 0.08178438661710037
0 0.43467336683417085 0.48420074349442377 0.7386934673366834 0.05762081784386617
0 0.43467336683417085 0.5446096654275093 0.7386934673366834 0.05947955390334572
0 0.4321608040201005 0.604089219330855 0.7336683417085427 0.055762081784386616
0 0.43467336683417085 0.6654275092936803 0.7386934673366834 0.05947955390334572
0 0.4321608040201005 0.7258364312267658 0.7437185929648241 0.05762081784386617
0 0.4321608040201005 0.7853159851301115 0.7437185929648241 0.06133828996282528
0 0.43467336683417085 0.845724907063197 0.7386934673366834 0.05947955390334572