13 0.3372502937720329 0.21047430830039526 0.4300822561692127 0.10869565217391304
13 0.36486486486486486 0.21047430830039526 0.36780258519388953 0.09683794466403162
13 0.39247943595769685 0.21047430830039526 0.19741480611045828 0.07312252964426877
13 0.41774383078730903 0.21047430830039526 0.25499412455934195 0.08893280632411067
2 0.4606345475910693 0.21047430830039526 0.04935370152761457 0.0533596837944664
0 0.5052878965922444 0.21047430830039526 0.982373678025852 0.12055335968379446
13 0.22972972972972974 0.21146245059288538 0.09048178613396005 0.05533596837944664
13 0.4318448883666275 0.21146245059288538 0.11163337250293771 0.06324110671936758
11 0.95475910693302 0.21146245059288538 0.06933019976498238 0.05533596837944664
0 0.3072855464159812 0.3448616600790514 0.5863689776733255 0.06521739130434782
11 0.5587544065804936 0.3448616600790514 0.07168037602820211 0.0533596837944664
13 0.1762632197414806 0.5207509881422925 0.25381903642773207 0.06521739130434782
11 0.38777908343125733 0.5988142292490118 0.0399529964747356 0.05533596837944664
11 0.12749706227967098 0.6017786561264822 0.036427732079905996 0.05731225296442688
13 0.4136310223266745 0.6017786561264822 0.0963572267920094 0.06521739130434782
4 0.07109283196239718 0.6818181818181818 0.11398354876615746 0.07509881422924901
11 0.1310223266745006 0.7608695652173914 0.038777908343125736 0.05533596837944664
13 0.15687426556991774 0.7608695652173914 0.09753231492361927 0.06719367588932806
11 0.44653349001175086 0.7608695652173914 0.0399529964747356 0.05533596837944664
13 0.4717978848413631 0.7608695652173914 0.099882491186839 0.06719367588932806
5 0.06227967097532315 0.8409090909090909 0.0963572267920094 0.0691699604743083
13 0.11574618096357227 0.11363636363636363 0.15393654524089306 0.06521739130434782
2 0.08695652173913043 0.11561264822134387 0.0564042303172738 0.05731225296442688