2 0.5487804878048781 0.3656509695290859 0.3073170731707317 0.07756232686980609
2 0.5634146341463414 0.4626038781163435 0.3073170731707317 0.07756232686980609
13 0.6634146341463415 0.4626038781163435 0.526829268292683 0.0886426592797784
13 0.6634146341463415 0.5664819944598338 0.5365853658536586 0.09141274238227147
2 0.5634146341463414 0.5678670360110804 0.3073170731707317 0.07756232686980609
13 0.5 0.05817174515235457 0.6780487804878049 0.09418282548476455
2 0.4 0.05817174515235457 0.32195121951219513 0.07756232686980609
5 0.2634146341463415 0.6717451523545707 0.4 0.10249307479224377
2 0.5487804878048781 0.7686980609418282 0.3073170731707317 0.07479224376731301
2 0.5634146341463414 0.8656509695290858 0.3073170731707317 0.08033240997229917
13 0.6658536585365854 0.8656509695290858 0.5414634146341464 0.09141274238227147
4 0.2975609756097561 0.16204986149584488 0.4682926829268293 0.10249307479224377
2 0.5634146341463414 0.26869806094182824 0.3073170731707317 0.07756232686980609
13 0.6634146341463415 0.26869806094182824 0.5365853658536586 0.0886426592797784