3 0.18686868686868688 0.3190376569037657 0.3696969696969697 0.08577405857740586
13 0.25 0.3190376569037657 0.1686868686868687 0.06903765690376569
3 0.18686868686868688 0.04811715481171548 0.3696969696969697 0.09205020920502092
13 0.24898989898989898 0.04811715481171548 0.1707070707070707 0.07112970711297072
13 0.16414141414141414 0.606694560669456 0.1404040404040404 0.06694560669456066
13 0.5333333333333333 0.606694560669456 0.1696969696969697 0.06694560669456066
13 0.18282828282828284 0.6077405857740585 0.21616161616161617 0.08158995815899582
3 0.498989898989899 0.6077405857740585 0.9939393939393939 0.1192468619246862
13 0.8585858585858586 0.6077405857740585 0.1717171717171717 0.06903765690376569
10 0.10252525252525252 0.702928870292887 0.1808080808080808 0.06694560669456066
13 0.12424242424242424 0.8274058577405857 0.1414141414141414 0.06903765690376569
13 0.14343434343434344 0.8274058577405857 0.2202020202020202 0.08158995815899582
10 0.09141414141414142 0.9079497907949791 0.15656565656565657 0.07112970711297072