6 0.2578947368421053 0.21772639691714837 0.43157894736842106 0.06165703275529865
6 0.45964912280701753 0.3265895953757225 0.8280701754385965 0.07129094412331406
11 0.5350877192982456 0.3265895953757225 0.312280701754386 0.05202312138728324
11 0.3350877192982456 0.44026974951830444 0.312280701754386 0.05202312138728324
13 0.4614035087719298 0.441233140655106 0.6842105263157895 0.06551059730250482
6 0.2596491228070175 0.5086705202312138 0.4280701754385965 0.06165703275529865
1 0.43859649122807015 0.057803468208092484 0.8631578947368421 0.10789980732177264
11 0.5350877192982456 0.617533718689788 0.312280701754386 0.05202312138728324
6 0.45789473684210524 0.6184971098265896 0.8245614035087719 0.07321772639691715
13 0.5002456140350877 0.7321772639691715 0.7719298245614035 0.06551059730250482
11 0.3368421052631579 0.7321772639691715 0.3157894736842105 0.05394990366088632
6 0.2596491228070175 0.7996146435452793 0.4280701754385965 0.06165703275529865
6 0.45789473684210524 0.9075144508670521 0.8245614035087719 0.07321772639691715
11 0.5350877192982456 0.9094412331406551 0.3192982456140351 0.05394990366088632
13 0.4739298245614035 0.14753371868978804 0.712280701754386 0.06551059730250482
11 0.3350877192982456 0.14932562620423892 0.312280701754386 0.05202312138728324