2 0.5634146341463414 0.3035294117647059 0.3073170731707317 0.06588235294117648
13 0.6634146341463415 0.30470588235294116 0.5365853658536586 0.07764705882352942
2 0.551219512195122 0.38588235294117645 0.3121951219512195 0.06588235294117648
2 0.5487804878048781 0.4623529411764706 0.3073170731707317 0.06823529411764706
13 0.5 0.04941176470588235 0.6780487804878049 0.08
2 0.4024390243902439 0.04941176470588235 0.3170731707317073 0.06588235294117648
13 0.6804878048780488 0.5435294117647059 0.5707317073170731 0.07529411764705882
2 0.5609756097560976 0.5447058823529412 0.3024390243902439 0.06352941176470588
2 0.5634146341463414 0.6329411764705882 0.3073170731707317 0.06588235294117648
13 0.6634146341463415 0.6329411764705882 0.5365853658536586 0.07529411764705882
5 0.26097560975609757 0.7211764705882353 0.40487804878048783 0.08705882352941176
2 0.5487804878048781 0.8047058823529412 0.3073170731707317 0.06588235294117648
2 0.5634146341463414 0.8870588235294118 0.3073170731707317 0.06588235294117648
13 0.6804878048780488 0.888235294117647 0.5707317073170731 0.07764705882352942
2 0.5487804878048781 0.13176470588235295 0.3073170731707317 0.06588235294117648
4 0.2951219512195122 0.21411764705882352 0.47317073170731705 0.08470588235294117