2 0.27983539094650206 0.25231053604436227 0.13168724279835392 0.04990757855822551
13 0.37037037037037035 0.2532347504621072 0.3374485596707819 0.059149722735674676
4 0.21193415637860083 0.32255083179297594 0.3991769547325103 0.06839186691312385
5 0.18106995884773663 0.39186691312384475 0.3374485596707819 0.066543438077634
2 0.6872427983539094 0.04251386321626617 0.13991769547325103 0.051756007393715345
2 0.28189300411522633 0.04251386321626617 0.13580246913580246 0.051756007393715345
13 0.3683127572016461 0.04251386321626617 0.32510288065843623 0.059149722735674676
13 0.7757201646090535 0.04436229205175601 0.3333333333333333 0.059149722735674676
13 0.6748971193415638 0.46210720887245843 0.3045267489711934 0.051756007393715345
2 0.6851851851851852 0.6016635859519408 0.13580246913580246 0.04990757855822551
13 0.7757201646090535 0.6016635859519408 0.34156378600823045 0.05730129390018484
2 0.28189300411522633 0.6016635859519408 0.13580246913580246 0.04990757855822551
13 0.3683127572016461 0.6025878003696857 0.32510288065843623 0.059149722735674676
4 0.20987654320987653 0.6719038817005545 0.3950617283950617 0.06839186691312385
5 0.1831275720164609 0.7402957486136784 0.34156378600823045 0.06839186691312385
2 0.2777777777777778 0.8114602587800369 0.13580246913580246 0.051756007393715345
13 0.37037037037037035 0.8114602587800369 0.3374485596707819 0.059149722735674676
4 0.21193415637860083 0.8817005545286506 0.3991769547325103 0.066543438077634
5 0.18518518518518517 0.9510166358595195 0.3374485596707819 0.07208872458410351
4 0.20987654320987653 0.11275415896487985 0.3950617283950617 0.066543438077634
5 0.18106995884773663 0.18114602587800369 0.3374485596707819 0.066543438077634