2 0.19278996865203762 0.20658135283363802 0.16614420062695925 0.051188299817184646
2 0.3683385579937304 0.4826325411334552 0.10344827586206896 0.051188299817184646
2 0.20532915360501566 0.4826325411334552 0.10344827586206896 0.051188299817184646
4 0.1614420062695925 0.5475319926873857 0.30407523510971785 0.06764168190127971
1 0.5015673981191222 0.054844606946983544 0.9843260188087775 0.10237659963436929
2 0.45454545454545453 0.05850091407678245 0.1755485893416928 0.04753199268738574
2 0.6426332288401254 0.05850091407678245 0.15673981191222572 0.04753199268738574
2 0.7915360501567398 0.05850091407678245 0.10344827586206896 0.04753199268738574
2 0.9090909090909091 0.05850091407678245 0.10031347962382445 0.04753199268738574
5 0.13949843260188088 0.6170018281535649 0.2601880877742947 0.06764168190127971
2 0.20376175548589343 0.6809872029250457 0.18808777429467086 0.04936014625228519
13 0.603448275862069 0.7440585009140768 0.34796238244514105 0.051188299817184646
13 0.5470219435736677 0.9131627056672761 0.23510971786833856 0.04936014625228519
13 0.5862068965517241 0.1425959780621572 0.36363636363636365 0.04753199268738574
13 0.6833855799373041 0.14351005484460694 0.5768025078369906 0.0603290676416819