0 0.25384615384615383 0.22935779816513763 0.38461538461538464 0.04892966360856269
0 0.2743589743589744 0.2790519877675841 0.4256410256410256 0.047400611620795105
0 0.26666666666666666 0.32798165137614677 0.41025641025641024 0.047400611620795105
5 0.2743589743589744 0.38073394495412843 0.4256410256410256 0.05504587155963303
1 0.441025641025641 0.04434250764525994 0.8615384615384616 0.0856269113149847
2 0.7102564102564103 0.0481651376146789 0.21025641025641026 0.04128440366972477
13 0.5256410256410257 0.52217125382263 0.6 0.05045871559633028
2 0.4230769230769231 0.5229357798165137 0.2205128205128205 0.04281345565749235
0 0.31025641025641026 0.6330275229357798 0.38461538461538464 0.045871559633027525
0 0.3076923076923077 0.6827217125382263 0.37948717948717947 0.05045871559633028
0 0.3230769230769231 0.7331804281345565 0.41025641025641024 0.047400611620795105
5 0.33076923076923076 0.7859327217125383 0.4256410256410256 0.0581039755351682
13 0.46923076923076923 0.11697247706422019 0.6102564102564103 0.05045871559633028
2 0.36666666666666664 0.11773700305810397 0.2205128205128205 0.04281345565749235