14 0.344 0.2133220910623946 0.584 0.05227655986509275
14 0.346 0.32377740303541314 0.588 0.05396290050590219
15 0.248 0.04047217537942664 0.48 0.07419898819561552
14 0.346 0.4317032040472175 0.588 0.05396290050590219
14 0.344 0.5413153456998314 0.584 0.05396290050590219
14 0.346 0.6509274873524452 0.588 0.05396290050590219
14 0.344 0.7596964586846543 0.584 0.05227655986509275
0 0.256 0.8145025295109612 0.408 0.05396290050590219
8 0.294 0.8693086003372681 0.484 0.05227655986509275
8 0.36 0.924114671163575 0.616 0.05396290050590219
3 0.504 0.1045531197301855 0.984 0.05396290050590219
6 0.29 0.15851602023608768 0.476 0.05396290050590219