2 0.38226744186046513 0.17332474226804123 0.09593023255813954 0.037371134020618556
13 0.32122093023255816 0.17396907216494845 0.22965116279069767 0.041237113402061855
5 0.12354651162790697 0.22229381443298968 0.24127906976744187 0.045103092783505154
4 0.14534883720930233 0.026417525773195876 0.27906976744186046 0.04768041237113402
13 0.47093023255813954 0.31958762886597936 0.2441860465116279 0.04381443298969072
2 0.5348837209302325 0.31958762886597936 0.09883720930232558 0.03608247422680412
2 0.46656976744186046 0.3711340206185567 0.09593023255813954 0.03608247422680412
13 0.7834302325581395 0.3711340206185567 0.39244186046511625 0.04896907216494845
13 0.8502906976744186 0.3711340206185567 0.24709302325581395 0.041237113402061855
2 0.9142441860465116 0.3711340206185567 0.09593023255813954 0.03608247422680412
2 0.1933139534883721 0.3711340206185567 0.09593023255813954 0.03608247422680412
13 0.3328488372093023 0.37177835051546393 0.39244186046511625 0.04768041237113402
13 0.40261627906976744 0.37177835051546393 0.24127906976744187 0.04252577319587629
2 0.6424418604651163 0.37177835051546393 0.09883720930232558 0.037371134020618556
4 0.14534883720930233 0.42332474226804123 0.27906976744186046 0.04768041237113402
5 0.12354651162790697 0.4722938144329897 0.24127906976744187 0.04768041237113402
2 0.39098837209302323 0.520618556701031 0.09593023255813954 0.03608247422680412
13 0.32558139534883723 0.5219072164948454 0.23837209302325582 0.041237113402061855
4 0.14534883720930233 0.5702319587628866 0.27906976744186046 0.04768041237113402
5 0.125 0.6185567010309279 0.23837209302325582 0.04896907216494845
13 0.47238372093023256 0.666881443298969 0.24127906976744187 0.04252577319587629
2 0.5348837209302325 0.6675257731958762 0.09883720930232558 0.03608247422680412
13 0.40261627906976744 0.7190721649484536 0.24127906976744187 0.041237113402061855
2 0.6409883720930233 0.7190721649484536 0.09593023255813954 0.03608247422680412
2 0.9142441860465116 0.7190721649484536 0.09593023255813954 0.03608247422680412
2 0.4680232558139535 0.7197164948453608 0.09302325581395349 0.03479381443298969
13 0.8502906976744186 0.7197164948453608 0.24127906976744187 0.04252577319587629
2 0.19186046511627908 0.7197164948453608 0.09302325581395349 0.037371134020618556
13 0.33430232558139533 0.720360824742268 0.38953488372093026 0.04896907216494845
13 0.7819767441860465 0.720360824742268 0.38953488372093026 0.04896907216494845
13 0.32122093023255816 0.07603092783505154 0.23546511627906977 0.041237113402061855
2 0.38226744186046513 0.07603092783505154 0.09593023255813954 0.03608247422680412
4 0.14534883720930233 0.7725515463917526 0.27906976744186046 0.045103092783505154
5 0.125 0.8189432989690721 0.23837209302325582 0.04768041237113402
2 0.38953488372093026 0.8692010309278351 0.09883720930232558 0.03479381443298969
13 0.32558139534883723 0.8698453608247423 0.2441860465116279 0.041237113402061855
4 0.14534883720930233 0.9188144329896907 0.27906976744186046 0.04639175257731959
5 0.125 0.967139175257732 0.23837209302325582 0.04768041237113402