2 0.3449074074074074 0.5231316725978647 0.13425925925925927 0.099644128113879
4 0.11574074074074074 0.6583629893238434 0.2222222222222222 0.12811387900355872
2 0.2673611111111111 0.7829181494661922 0.0763888888888889 0.099644128113879
2 0.14930555555555555 0.7846975088967971 0.0763888888888889 0.09608540925266904
5 0.09953703703703703 0.9092526690391459 0.18981481481481483 0.13167259786476868
1 0.5 0.10320284697508897 0.9907407407407407 0.199288256227758
2 0.4085648148148148 0.10854092526690391 0.07175925925925926 0.09608540925266904
2 0.5300925925925926 0.10854092526690391 0.07407407407407407 0.09608540925266904
2 0.3229166666666667 0.1103202846975089 0.07175925925925926 0.09252669039145907
2 0.6180555555555556 0.1103202846975089 0.07407407407407407 0.09252669039145907
2 0.90625 0.1103202846975089 0.13194444444444445 0.09252669039145907
2 0.26967592592592593 0.26512455516014233 0.0763888888888889 0.10320284697508897
2 0.14814814814814814 0.26512455516014233 0.0787037037037037 0.10320284697508897