13 0.2412008281573499 0.6 0.28778467908902694 0.08311688311688312
2 0.5238095238095238 0.6 0.19047619047619047 0.07272727272727272
13 0.7660455486542443 0.6 0.2318840579710145 0.08311688311688312
13 0.6563146997929606 0.6012987012987013 0.45962732919254656 0.09610389610389611
11 0.8198757763975155 0.6012987012987013 0.11594202898550725 0.07012987012987013
2 0.19668737060041408 0.6012987012987013 0.18633540372670807 0.07012987012987013
4 0.10351966873706005 0.7051948051948052 0.19875776397515527 0.09610389610389611
1 0.33540372670807456 0.07792207792207792 0.6625258799171843 0.14545454545454545
2 0.3581780538302277 0.08181818181818182 0.18219461697722567 0.07012987012987013
13 0.7060041407867494 0.8181818181818182 0.5590062111801242 0.10909090909090909
13 0.7732919254658385 0.8181818181818182 0.22981366459627328 0.08311688311688312
11 0.8250517598343685 0.8181818181818182 0.11387163561076605 0.07272727272727272
13 0.2422360248447205 0.8194805194805195 0.2898550724637681 0.08571428571428572
2 0.5227743271221532 0.8194805194805195 0.18840579710144928 0.07532467532467532
13 0.8157349896480331 0.8194805194805195 0.32712215320910976 0.09610389610389611
2 0.19668737060041408 0.8194805194805195 0.18633540372670807 0.07012987012987013
2 0.5527950310559007 0.08311688311688312 0.18219461697722567 0.06753246753246753
5 0.08799171842650104 0.9311688311688312 0.17184265010351968 0.09610389610389611
5 0.08902691511387163 0.2012987012987013 0.16977225672877846 0.09610389610389611