2 0.28189300411522633 0.3520408163265306 0.13580246913580246 0.07142857142857142
13 0.3683127572016461 0.3520408163265306 0.32510288065843623 0.08163265306122448
5 0.18724279835390947 0.4477040816326531 0.34156378600823045 0.09438775510204081
13 0.7901234567901234 0.5433673469387755 0.3374485596707819 0.08163265306122448
2 0.7016460905349794 0.5446428571428571 0.13580246913580246 0.06887755102040816
2 0.2839506172839506 0.5446428571428571 0.13168724279835392 0.07397959183673469
13 0.3765432098765432 0.5459183673469388 0.3333333333333333 0.08163265306122448
4 0.21604938271604937 0.6403061224489796 0.3991769547325103 0.09183673469387756
2 0.6790123456790124 0.7372448979591837 0.13991769547325103 0.07142857142857142
2 0.28600823045267487 0.7372448979591837 0.13580246913580246 0.07142857142857142
13 0.3683127572016461 0.7372448979591837 0.32510288065843623 0.08673469387755102
2 0.7016460905349794 0.8341836734693877 0.13580246913580246 0.07142857142857142
13 0.7860082304526749 0.8341836734693877 0.3292181069958848 0.08163265306122448
2 0.28600823045267487 0.8341836734693877 0.13580246913580246 0.07142857142857142
13 0.37448559670781895 0.8341836734693877 0.3374485596707819 0.08163265306122448
5 0.18518518518518517 0.9311224489795918 0.3374485596707819 0.09693877551020408
2 0.6893004115226338 0.15816326530612246 0.13580246913580246 0.07142857142857142
2 0.28600823045267487 0.15816326530612246 0.13580246913580246 0.07142857142857142
13 0.3765432098765432 0.15943877551020408 0.3333333333333333 0.07908163265306123
4 0.21604938271604937 0.2538265306122449 0.3991769547325103 0.09438775510204081