8 0.17024793388429751 0.363395225464191 0.2975206611570248 0.08488063660477453
13 0.18677685950413223 0.45755968169761274 0.22479338842975208 0.08753315649867374
11 0.14049586776859505 0.45755968169761274 0.07603305785123966 0.07161803713527852
13 0.1884297520661157 0.5570291777188329 0.19504132231404958 0.09018567639257294
11 0.15454545454545454 0.5570291777188329 0.07107438016528926 0.07427055702917772
7 0.11735537190082644 0.0623342175066313 0.228099173553719 0.11936339522546419
13 0.46198347107438015 0.6644562334217506 0.26611570247933886 0.08753315649867374
0 0.5264462809917355 0.6644562334217506 0.9404958677685951 0.11405835543766578
11 0.49421487603305786 0.6657824933687002 0.19504132231404958 0.07427055702917772
13 0.5347107438016528 0.2625994694960212 0.3752066115702479 0.10079575596816977
11 0.5487603305785124 0.2625994694960212 0.19504132231404958 0.07427055702917772
11 0.3925619834710744 0.2639257294429708 0.0743801652892562 0.07692307692307693
13 0.5008264462809917 0.2639257294429708 0.30082644628099175 0.08753315649867374