10 0.17538126361655773 0.3368237347294939 0.3420479302832244 0.055846422338568937
1 0.10675381263616558 0.05148342059336824 0.20915032679738563 0.09947643979057591
11 0.35947712418300654 0.5157068062827225 0.29193899782135074 0.04712041884816754
13 0.49564270152505446 0.5165794066317626 0.7995642701525054 0.06631762652705062
11 0.8137254901960784 0.5165794066317626 0.09368191721132897 0.04886561954624782
13 0.5239651416122004 0.5916230366492147 0.8082788671023965 0.06631762652705062
11 0.38344226579520696 0.5924956369982548 0.2962962962962963 0.04712041884816754
11 0.6122004357298475 0.6640488656195462 0.29193899782135074 0.04712041884816754
11 0.6122004357298475 0.7286212914485166 0.29193899782135074 0.04712041884816754
14 0.23311546840958605 0.7905759162303665 0.31808278867102396 0.055846422338568937
13 0.18191721132897604 0.1300174520069808 0.22004357298474944 0.0506108202443281