11 0.2777777777777778 0.29535398230088494 0.08888888888888889 0.059734513274336286
13 0.3347222222222222 0.29646017699115046 0.21944444444444444 0.07079646017699115
4 0.16527777777777777 0.37831858407079644 0.26944444444444443 0.07964601769911504
13 0.25416666666666665 0.04314159292035398 0.325 0.07300884955752213
11 0.18194444444444444 0.04424778761061947 0.09166666666666666 0.061946902654867256
13 0.31527777777777777 0.46792035398230086 0.30833333333333335 0.07300884955752213
13 0.7472222222222222 0.46792035398230086 0.4444444444444444 0.08185840707964602
11 0.7958333333333333 0.46792035398230086 0.09166666666666666 0.059734513274336286
13 0.8513888888888889 0.46792035398230086 0.21944444444444444 0.07300884955752213
13 0.7513888888888889 0.5630530973451328 0.4527777777777778 0.08185840707964602
13 0.31666666666666665 0.5641592920353983 0.3111111111111111 0.07079646017699115
11 0.8027777777777778 0.5641592920353983 0.08888888888888889 0.061946902654867256
13 0.8597222222222223 0.5641592920353983 0.21944444444444444 0.07079646017699115
5 0.14583333333333334 0.6526548672566371 0.23055555555555557 0.07964601769911504
13 0.3347222222222222 0.8086283185840708 0.21944444444444444 0.07300884955752213
11 0.39305555555555555 0.8086283185840708 0.09166666666666666 0.059734513274336286