13 0.7857142857142857 0.22111553784860558 0.36363636363636365 0.043824701195219126
13 0.36688311688311687 0.22177954847277556 0.35064935064935066 0.04249667994687915
13 0.288961038961039 0.027224435590969456 0.36363636363636365 0.043824701195219126
4 0.19805194805194806 0.27158034528552455 0.3116883116883117 0.049136786188579015
11 0.2159090909090909 0.027888446215139442 0.10714285714285714 0.03718459495351926
13 0.3717532467532468 0.32138114209827356 0.36038961038961037 0.04249667994687915
13 0.7905844155844156 0.32138114209827356 0.3538961038961039 0.04249667994687915
13 0.3717532467532468 0.37184594953519257 0.36038961038961037 0.04249667994687915
13 0.7954545454545454 0.37184594953519257 0.36363636363636365 0.04249667994687915
5 0.17532467532467533 0.4216467463479416 0.2662337662337662 0.04648074369189907
13 0.3685064935064935 0.4721115537848606 0.3538961038961039 0.043824701195219126
13 0.7840909090909091 0.47277556440903057 0.3538961038961039 0.04249667994687915
4 0.19642857142857142 0.5225763612217795 0.31493506493506496 0.049136786188579015
4 0.19642857142857142 0.6726427622841965 0.31493506493506496 0.049136786188579015
4 0.19642857142857142 0.8233731739707836 0.31493506493506496 0.04780876494023904
5 0.1737012987012987 0.8738379814077025 0.2694805194805195 0.04780876494023904
11 0.2418831168831169 0.9203187250996016 0.10714285714285714 0.03718459495351926
11 0.461038961038961 0.9667994687915007 0.1038961038961039 0.03718459495351926
13 0.39285714285714285 0.9674634794156707 0.2597402597402597 0.043824701195219126