2 0.47560975609756095 0.23926868044515104 0.13821138211382114 0.04292527821939587
2 0.266260162601626 0.24085850556438793 0.13414634146341464 0.04292527821939587
4 0.20934959349593496 0.29650238473767887 0.3943089430894309 0.058823529411764705
5 0.17886178861788618 0.3569157392686804 0.3333333333333333 0.058823529411764705
2 0.676829268292683 0.4769475357710652 0.13414634146341464 0.04451510333863275
13 0.7621951219512195 0.4769475357710652 0.32113821138211385 0.05087440381558029
2 0.2784552845528455 0.4769475357710652 0.13414634146341464 0.04451510333863275
13 0.3617886178861789 0.4769475357710652 0.3252032520325203 0.05087440381558029
1 0.39634146341463417 0.0492845786963434 0.7682926829268293 0.0890302066772655
2 0.5142276422764228 0.05246422893481717 0.12601626016260162 0.04133545310015898
2 0.6686991869918699 0.05246422893481717 0.12601626016260162 0.04133545310015898
4 0.20934959349593496 0.5373608903020668 0.3943089430894309 0.057233704292527825
2 0.2764227642276423 0.5969793322734499 0.13008130081300814 0.04292527821939587
13 0.36585365853658536 0.5977742448330684 0.3333333333333333 0.05087440381558029
2 0.27439024390243905 0.6565977742448331 0.13414634146341464 0.04451510333863275
13 0.36585365853658536 0.6573926868044515 0.3333333333333333 0.05246422893481717
13 0.3597560975609756 0.7170111287758346 0.32113821138211385 0.05087440381558029
2 0.27439024390243905 0.7178060413354531 0.13414634146341464 0.04292527821939587
2 0.27439024390243905 0.7774244833068362 0.13414634146341464 0.04451510333863275
13 0.35772357723577236 0.7774244833068362 0.3252032520325203 0.05087440381558029
5 0.18089430894308944 0.8378378378378378 0.33739837398373984 0.06041335453100159
13 0.7378048780487805 0.8974562798092209 0.45121951219512196 0.04292527821939587
13 0.7012195121951219 0.12400635930047695 0.3780487804878049 0.04451510333863275