13 0.2845528455284553 0.6070697674418605 0.32113821138211385 0.15813953488372093
11 0.782520325203252 0.6116279069767442 0.15853658536585366 0.13488372093023257
13 0.7936991869918699 0.6116279069767442 0.38414634146341464 0.1813953488372093
11 0.9369918699186992 0.6116279069767442 0.08943089430894309 0.13488372093023257
11 0.19308943089430894 0.6116279069767442 0.12601626016260162 0.12558139534883722
13 0.34146341463414637 0.6133488372093023 0.44715447154471544 0.17209302325581396
11 0.3628048780487805 0.6139534883720931 0.1565040650406504 0.13023255813953488
11 0.516260162601626 0.6139534883720931 0.08943089430894309 0.13023255813953488
13 0.7367886178861789 0.6139534883720931 0.258130081300813 0.15813953488372093
13 0.24288617886178862 0.8 0.19308943089430894 0.15813953488372093
11 0.2896341463414634 0.8 0.09146341463414634 0.13023255813953488