2 0.5634146341463414 0.18428571428571427 0.3073170731707317 0.04
13 0.6634146341463415 0.18428571428571427 0.5365853658536586 0.045714285714285714
2 0.5487804878048781 0.2342857142857143 0.3073170731707317 0.04
2 0.5487804878048781 0.28 0.3073170731707317 0.04
13 0.5 0.03 0.6780487804878049 0.04857142857142857
2 0.4 0.03 0.32195121951219513 0.04
5 0.26097560975609757 0.33 0.40487804878048783 0.05142857142857143
2 0.5634146341463414 0.3842857142857143 0.3073170731707317 0.04
13 0.6634146341463415 0.385 0.5365853658536586 0.047142857142857146
13 0.5 0.4692857142857143 0.6780487804878049 0.047142857142857146
2 0.3975609756097561 0.4692857142857143 0.3170731707317073 0.03857142857142857
2 0.5634146341463414 0.5235714285714286 0.3073170731707317 0.03857142857142857
13 0.6658536585365854 0.5242857142857142 0.5317073170731708 0.045714285714285714
2 0.5487804878048781 0.5728571428571428 0.3073170731707317 0.04
4 0.2926829268292683 0.6228571428571429 0.4682926829268293 0.05142857142857143
2 0.5634146341463414 0.6771428571428572 0.3073170731707317 0.04
13 0.6634146341463415 0.6771428571428572 0.5365853658536586 0.045714285714285714
2 0.5609756097560976 0.7314285714285714 0.3121951219512195 0.04
13 0.6658536585365854 0.7321428571428571 0.5317073170731708 0.047142857142857146
2 0.5487804878048781 0.7821428571428571 0.3073170731707317 0.03857142857142857
2 0.5487804878048781 0.08 0.3073170731707317 0.04
2 0.551219512195122 0.8285714285714286 0.3024390243902439 0.04
5 0.2634146341463415 0.8771428571428571 0.4 0.05142857142857143
13 0.6682926829268293 0.9321428571428572 0.5365853658536586 0.047142857142857146
2 0.5634146341463414 0.9328571428571428 0.3073170731707317 0.04
4 0.2975609756097561 0.13 0.4682926829268293 0.054285714285714284