9 0.3584474885844749 0.2372754491017964 0.7077625570776256 0.04940119760479042
7 0.3219178082191781 0.033682634730538924 0.6255707762557078 0.06437125748502993
10 0.4132420091324201 0.3338323353293413 0.8082191780821918 0.04790419161676647
6 0.4337899543378995 0.38398203592814373 0.8584474885844748 0.04940119760479042
6 0.2968036529680365 0.4318862275449102 0.5753424657534246 0.04640718562874251
10 0.410958904109589 0.5284431137724551 0.8127853881278538 0.04790419161676647
6 0.2945205479452055 0.625 0.5799086757990868 0.04940119760479042
10 0.4132420091324201 0.6744011976047904 0.8082191780821918 0.04940119760479042
6 0.3105022831050228 0.7702095808383234 0.6118721461187214 0.04940119760479042
9 0.3972602739726027 0.8196107784431138 0.776255707762557 0.04640718562874251
10 0.4132420091324201 0.8682634730538922 0.8082191780821918 0.04790419161676647
10 0.3858447488584475 0.09206586826347306 0.7625570776255708 0.04940119760479042
9 0.502283105022831 0.9655688622754491 0.9954337899543378 0.05089820359281437