11 0.5095419847328244 0.445578231292517 0.17938931297709923 0.061224489795918366
10 0.33396946564885494 0.445578231292517 0.5687022900763359 0.07482993197278912
15 0.23473282442748092 0.05215419501133787 0.4541984732824427 0.09977324263038549
13 0.49809160305343514 0.5249433106575964 0.4083969465648855 0.07482993197278912
11 0.4217557251908397 0.5260770975056689 0.12595419847328243 0.06349206349206349
13 0.732824427480916 0.6167800453514739 0.48091603053435117 0.08616780045351474
11 0.7347328244274809 0.6167800453514739 0.12595419847328243 0.06349206349206349
13 0.6564885496183206 0.6179138321995464 0.3053435114503817 0.07482993197278912
11 0.6755725190839694 0.7029478458049887 0.1297709923664122 0.06349206349206349
9 0.33969465648854963 0.8242630385487528 0.5801526717557252 0.07482993197278912
11 0.5209923664122137 0.8253968253968254 0.17938931297709923 0.06349206349206349
11 0.3244274809160305 0.14512471655328799 0.2595419847328244 0.06349206349206349
13 0.48854961832061067 0.14625850340136054 0.7175572519083969 0.07482993197278912