2 0.2 0.1525759577278732 0.11428571428571428 0.035667107001321
13 0.27714285714285714 0.1525759577278732 0.3657142857142857 0.043593130779392336
13 0.30142857142857143 0.2800528401585205 0.3514285714285714 0.04227212681638045
2 0.23 0.2813738441215324 0.11714285714285715 0.036988110964332896
1 0.49857142857142855 0.03896961690885073 0.9914285714285714 0.0726552179656539
13 0.32285714285714284 0.40885072655217963 0.33714285714285713 0.043593130779392336
2 0.26 0.40885072655217963 0.11428571428571428 0.035667107001321
2 0.5028571428571429 0.04227212681638045 0.09142857142857143 0.034346103038309116
2 0.9171428571428571 0.04227212681638045 0.09142857142857143 0.034346103038309116
2 0.2857142857142857 0.042932628797886396 0.08571428571428572 0.03302509907529723
2 0.3942857142857143 0.042932628797886396 0.08571428571428572 0.03302509907529723
2 0.6457142857142857 0.042932628797886396 0.15428571428571428 0.03302509907529723
2 0.7985714285714286 0.043593130779392336 0.11142857142857143 0.034346103038309116
13 0.37142857142857144 0.5369881109643329 0.37142857142857144 0.043593130779392336
2 0.2914285714285714 0.5376486129458389 0.11428571428571428 0.036988110964332896
4 0.17142857142857143 0.844782034346103 0.2742857142857143 0.0488771466314399
5 0.12285714285714286 0.964993394980185 0.2342857142857143 0.0488771466314399
2 0.42428571428571427 0.1023778071334214 0.16285714285714287 0.035667107001321