2 0.42857142857142855 0.6444444444444445 0.09164420485175202 0.15555555555555556
2 0.29514824797843664 0.6472222222222223 0.0889487870619946 0.15
13 0.3611859838274933 0.6472222222222223 0.2371967654986523 0.18333333333333332
2 0.29514824797843664 0.8555555555555555 0.0889487870619946 0.15555555555555556
13 0.3611859838274933 0.8583333333333333 0.2371967654986523 0.18333333333333332
2 0.42857142857142855 0.8583333333333333 0.09164420485175202 0.15
1 0.5026954177897575 0.175 0.9838274932614556 0.31666666666666665
2 0.8180592991913747 0.18055555555555555 0.0889487870619946 0.15
2 0.9191374663072777 0.18055555555555555 0.0862533692722372 0.15
2 0.36522911051212936 0.18333333333333332 0.08355795148247978 0.14444444444444443
2 0.46765498652291104 0.18333333333333332 0.0889487870619946 0.14444444444444443
2 0.568733153638814 0.18333333333333332 0.0862533692722372 0.14444444444444443
2 0.7169811320754716 0.18333333333333332 0.0862533692722372 0.14444444444444443
13 0.3611859838274933 0.4361111111111111 0.2371967654986523 0.18333333333333332
2 0.29514824797843664 0.4388888888888889 0.0889487870619946 0.15555555555555556
2 0.42857142857142855 0.4388888888888889 0.09164420485175202 0.15555555555555556