4 0.08231292517006802 0.1634920634920635 0.13197278911564625 0.05714285714285714
13 0.18231292517006803 0.2253968253968254 0.11428571428571428 0.050793650793650794
13 0.5326530612244897 0.2253968253968254 0.11292517006802721 0.05396825396825397
11 0.15306122448979592 0.2261904761904762 0.044897959183673466 0.04285714285714286
11 0.5027210884353741 0.22698412698412698 0.044897959183673466 0.044444444444444446
5 0.07346938775510205 0.2920634920634921 0.11428571428571428 0.06031746031746032
13 0.19727891156462585 0.03333333333333333 0.2802721088435374 0.05396825396825397
13 0.13537414965986394 0.49603174603174605 0.18095238095238095 0.05238095238095238
2 0.10068027210884353 0.49682539682539684 0.0653061224489796 0.044444444444444446
13 0.30952380952380953 0.5634920634920635 0.12653061224489795 0.050793650793650794
13 0.2639455782312925 0.5650793650793651 0.22585034013605443 0.06031746031746032
13 0.291156462585034 0.5650793650793651 0.291156462585034 0.06984126984126984
2 0.34217687074829933 0.5650793650793651 0.055782312925170066 0.044444444444444446
11 0.10612244897959183 0.6325396825396825 0.04625850340136054 0.04285714285714286
13 0.13333333333333333 0.6325396825396825 0.1469387755102041 0.05238095238095238
13 0.3163265306122449 0.7055555555555556 0.31700680272108844 0.07777777777777778
13 0.34625850340136055 0.7055555555555556 0.24353741496598638 0.07142857142857142
13 0.40816326530612246 0.7055555555555556 0.10884353741496598 0.049206349206349205
13 0.3782312925170068 0.7063492063492064 0.17687074829931973 0.06031746031746032
11 0.43741496598639457 0.7063492063492064 0.044897959183673466 0.044444444444444446
0 0.5136054421768708 0.7063492063492064 0.964625850340136 0.08571428571428572
11 0.9482993197278912 0.7063492063492064 0.08163265306122448 0.044444444444444446
0 0.3761904761904762 0.8087301587301587 0.6870748299319728 0.05238095238095238
11 0.6707482993197279 0.8087301587301587 0.08435374149659863 0.04285714285714286
11 0.6557823129251701 0.9285714285714286 0.08163265306122448 0.04126984126984127
0 0.3598639455782313 0.9293650793650794 0.6870748299319728 0.05238095238095238
11 0.43537414965986393 0.09761904761904762 0.04353741496598639 0.04285714285714286
13 0.46462585034013604 0.09761904761904762 0.11292517006802721 0.05555555555555555
11 0.1489795918367347 0.09841269841269841 0.04217687074829932 0.04126984126984127