4 0.051863041289023165 0.3918067226890756 0.09768378650553877 0.07773109243697479
5 0.04582074521651561 0.5388655462184874 0.08358509566968782 0.07773109243697479
1 0.0689828801611279 0.06302521008403361 0.13192346424974824 0.11764705882352941
13 0.3026183282980866 0.7016806722689075 0.08559919436052367 0.06722689075630252
0 0.49647532729103727 0.7016806722689075 0.9848942598187311 0.1134453781512605
13 0.22507552870090636 0.7027310924369747 0.256797583081571 0.10294117647058823
13 0.2472306143001007 0.7027310924369747 0.20644511581067473 0.09033613445378151
13 0.26837865055387716 0.7027310924369747 0.1581067472306143 0.07773109243697479
11 0.32376636455186303 0.7027310924369747 0.03726082578046324 0.05672268907563025
13 0.324269889224572 0.8151260504201681 0.08459214501510574 0.06722689075630252
13 0.24420946626384693 0.8161764705882353 0.2628398791540785 0.10294117647058823
13 0.26938569989929506 0.8172268907563025 0.20644511581067473 0.09243697478991597
13 0.2905337361530715 0.8172268907563025 0.1581067472306143 0.07983193277310924
11 0.34541792547834843 0.8172268907563025 0.038267875125881166 0.058823529411764705
0 0.19284994964753274 0.8182773109243697 0.3776435045317221 0.11134453781512606
13 0.24018126888217523 0.9296218487394958 0.2628398791540785 0.10294117647058823
13 0.26586102719033233 0.9296218487394958 0.2054380664652568 0.09033613445378151
13 0.2865055387713998 0.9296218487394958 0.1581067472306143 0.0819327731092437
13 0.3202416918429003 0.9296218487394958 0.08459214501510574 0.06932773109243698
11 0.3418932527693857 0.9296218487394958 0.03726082578046324 0.05672268907563025
0 0.1908358509566969 0.9317226890756303 0.37361530715005037 0.11134453781512606
13 0.18076535750251763 0.1638655462184874 0.10574018126888217 0.0546218487394958