10 0.18125 0.22985468956406868 0.35625 0.05019815059445178
11 0.23828125 0.22985468956406868 0.0515625 0.036988110964332896
2 0.3203125 0.22985468956406868 0.05625 0.036988110964332896
10 0.23203125 0.28269484808454426 0.4578125 0.05548216644649934
11 0.2859375 0.28401585204755614 0.05 0.036988110964332896
2 0.36796875 0.28401585204755614 0.0546875 0.036988110964332896
5 0.06796875 0.3870541611624835 0.1296875 0.05019815059445178
1 0.3140625 0.03963011889035667 0.621875 0.07397622192866579
2 0.175 0.04095112285336856 0.05 0.034346103038309116
2 0.27578125 0.0416116248348745 0.0484375 0.03302509907529723
2 0.46015625 0.0416116248348745 0.0546875 0.035667107001321
2 0.57734375 0.0416116248348745 0.0609375 0.035667107001321
2 0.35546875 0.04227212681638045 0.0484375 0.034346103038309116
13 0.1828125 0.4867899603698811 0.221875 0.05151915455746367
11 0.19140625 0.4867899603698811 0.0578125 0.035667107001321
13 0.21484375 0.4867899603698811 0.2953125 0.05680317040951123
13 0.23125 0.547556142668428 0.325 0.05151915455746367
11 0.26875 0.547556142668428 0.059375 0.035667107001321
11 0.184375 0.5482166446499339 0.053125 0.036988110964332896
5 0.10078125 0.6010568031704095 0.1296875 0.05019815059445178
13 0.34609375 0.6895640686922061 0.2921875 0.052840158520475564
2 0.459375 0.6895640686922061 0.05625 0.036988110964332896
11 0.709375 0.6895640686922061 0.05 0.036988110964332896
11 0.28828125 0.690224570673712 0.0515625 0.03830911492734478
13 0.30234375 0.690224570673712 0.3859375 0.05680317040951123
11 0.375 0.690224570673712 0.059375 0.03830911492734478
11 0.559375 0.690224570673712 0.0625 0.03830911492734478
13 0.74453125 0.690224570673712 0.1296875 0.043593130779392336
13 0.75625 0.690224570673712 0.4625 0.06472919418758256
13 0.8 0.690224570673712 0.36875 0.05680317040951123
11 0.86796875 0.690224570673712 0.0609375 0.03830911492734478
2 0.953125 0.690224570673712 0.05625 0.03830911492734478
11 0.14375 0.6908850726552179 0.0625 0.036988110964332896
4 0.11171875 0.7516512549537648 0.1484375 0.05019815059445178
11 0.359375 0.9075297225891678 0.059375 0.036988110964332896
13 0.36953125 0.9075297225891678 0.3609375 0.05812417437252312
2 0.5171875 0.9075297225891678 0.05625 0.036988110964332896
13 0.3296875 0.9081902245706737 0.271875 0.05151915455746367
5 0.06796875 0.9656538969616909 0.1296875 0.05019815059445178
13 0.21171875 0.10501981505944517 0.3171875 0.05151915455746367
2 0.25 0.10501981505944517 0.053125 0.03830911492734478
11 0.1671875 0.10568031704095113 0.053125 0.036988110964332896