0 0.1831275720164609 0.1721698113207547 0.35802469135802467 0.05188679245283019
11 0.42592592592592593 0.03223270440251572 0.17695473251028807 0.04245283018867924
13 0.5123456790123457 0.03223270440251572 0.48148148148148145 0.05188679245283019
13 0.5123456790123457 0.32940251572327045 0.4897119341563786 0.05188679245283019
11 0.4279835390946502 0.330188679245283 0.18106995884773663 0.0440251572327044
0 0.2242798353909465 0.3836477987421384 0.3497942386831276 0.050314465408805034
0 0.20987654320987653 0.43553459119496857 0.32098765432098764 0.050314465408805034
0 0.13786008230452676 0.48663522012578614 0.17695473251028807 0.04874213836477988
0 0.13991769547325103 0.5377358490566038 0.18106995884773663 0.050314465408805034
11 0.4382716049382716 0.5927672955974843 0.37448559670781895 0.0440251572327044
13 0.5205761316872428 0.5927672955974843 0.6872427983539094 0.05345911949685535
0 0.1831275720164609 0.6477987421383647 0.17695473251028807 0.050314465408805034
0 0.18724279835390947 0.7327044025157232 0.2757201646090535 0.050314465408805034
11 0.43621399176954734 0.7885220125786163 0.3786008230452675 0.04245283018867924
13 0.5205761316872428 0.7885220125786163 0.6790123456790124 0.05188679245283019
0 0.2139917695473251 0.8435534591194969 0.23868312757201646 0.05188679245283019
0 0.14609053497942387 0.08726415094339622 0.1934156378600823 0.05188679245283019
8 0.22839506172839505 0.9622641509433962 0.4403292181069959 0.050314465408805034