13 0.2795774647887324 0.15984251968503937 0.4183098591549296 0.06141732283464567
13 0.3795774647887324 0.15984251968503937 0.1647887323943662 0.05196850393700787
11 0.8049295774647888 0.15984251968503937 0.09154929577464789 0.04251968503937008
13 0.8359154929577465 0.15984251968503937 0.1647887323943662 0.05196850393700787
11 0.3485915492957746 0.16062992125984252 0.09436619718309859 0.04409448818897638
13 0.7345070422535211 0.16062992125984252 0.4154929577464789 0.05984251968503937
13 0.38661971830985914 0.2826771653543307 0.1647887323943662 0.05196850393700787
11 0.35563380281690143 0.28346456692913385 0.09436619718309859 0.04409448818897638
13 0.28732394366197184 0.284251968503937 0.4169014084507042 0.06141732283464567
6 0.14507042253521127 0.3425196850393701 0.19154929577464788 0.05196850393700787
7 0.10915492957746478 0.03622047244094488 0.21267605633802816 0.06929133858267716
13 0.1556338028169014 0.7637795275590551 0.18732394366197183 0.05354330708661417
11 0.10915492957746478 0.7637795275590551 0.04647887323943662 0.04094488188976378
6 0.19154929577464788 0.8188976377952756 0.3154929577464789 0.050393700787401574
6 0.17676056338028168 0.9039370078740158 0.2887323943661972 0.050393700787401574