0 0.4306759098786828 0.21428571428571427 0.854419410745234 0.06285714285714286
11 0.7954939341421143 0.21428571428571427 0.10398613518197573 0.05142857142857143
13 0.2582322357019064 0.34285714285714286 0.3708838821490468 0.06476190476190476
11 0.5675909878682842 0.41904761904761906 0.05719237435008666 0.05333333333333334
11 0.18890814558058924 0.42 0.05545927209705372 0.05523809523809524
13 0.6048526863084922 0.42 0.14211438474870017 0.06285714285714286
4 0.1048526863084922 0.49523809523809526 0.1681109185441941 0.06857142857142857
1 0.1975736568457539 0.05619047619047619 0.39168110918544197 0.10857142857142857
11 0.19324090121317158 0.5733333333333334 0.053726169844020795 0.049523809523809526
13 0.231369150779896 0.5733333333333334 0.1438474870017331 0.06095238095238095
11 0.6525129982668978 0.5733333333333334 0.05719237435008666 0.05333333333333334
13 0.6906412478336221 0.5742857142857143 0.1438474870017331 0.06285714285714286
2 0.25476603119584057 0.06 0.07972270363951472 0.047619047619047616
2 0.341421143847487 0.06 0.06932409012131716 0.047619047619047616
5 0.0927209705372617 0.6514285714285715 0.1438474870017331 0.06857142857142857
0 0.44020797227036396 0.8914285714285715 0.8734835355285961 0.06095238095238095
11 0.8162911611785095 0.8933333333333333 0.10398613518197573 0.049523809523809526