8 0.35315985130111527 0.21294718909710392 0.6171003717472119 0.054514480408858604
8 0.3475836431226766 0.27001703577512776 0.6059479553903345 0.056218057921635436
0 0.14869888475836432 0.32453151618398635 0.20817843866171004 0.056218057921635436
11 0.41821561338289964 0.3850085178875639 0.1524163568773234 0.04770017035775128
13 0.49814126394052044 0.3850085178875639 0.4312267657992565 0.05792163543441227
7 0.31784386617100374 0.039182282793867124 0.620817843866171 0.07155025553662692
0 0.16728624535315986 0.4454855195911414 0.16356877323420074 0.056218057921635436
8 0.37732342007434944 0.49829642248722317 0.5762081784386617 0.05281090289608177
13 0.38661710037174724 0.5971039182282794 0.45353159851301117 0.056218057921635436
11 0.30297397769516726 0.5971039182282794 0.1524163568773234 0.04599659284497445
0 0.2137546468401487 0.6567291311754685 0.25650557620817843 0.056218057921635436
0 0.20631970260223048 0.7487223168654173 0.241635687732342 0.056218057921635436
3 0.5185873605947955 0.8407155025553663 0.9405204460966543 0.056218057921635436
0 0.20817843866171004 0.8960817717206133 0.24535315985130113 0.054514480408858604