5 0.11263157894736842 0.23539823008849559 0.17473684210526316 0.06371681415929203
2 0.24210526315789474 0.3035398230088496 0.13473684210526315 0.05132743362831858
13 0.2863157894736842 0.30442477876106194 0.23157894736842105 0.05663716814159292
2 0.1736842105263158 0.035398230088495575 0.1368421052631579 0.049557522123893805
13 0.21578947368421053 0.036283185840707964 0.2926315789473684 0.0584070796460177
4 0.12736842105263158 0.36902654867256635 0.20421052631578948 0.06548672566371681
2 0.36105263157894735 0.4415929203539823 0.13263157894736843 0.047787610619469026
13 0.27789473684210525 0.4424778761061947 0.30736842105263157 0.06017699115044248
2 0.7136842105263158 0.4424778761061947 0.13473684210526315 0.049557522123893805
13 0.7610526315789473 0.4424778761061947 0.23789473684210527 0.05663716814159292
13 0.6789473684210526 0.44424778761061945 0.4147368421052632 0.06725663716814159
5 0.11368421052631579 0.5132743362831859 0.17684210526315788 0.06371681415929203
13 0.2873684210526316 0.5805309734513274 0.2294736842105263 0.05663716814159292
2 0.2431578947368421 0.5814159292035398 0.13263157894736843 0.05132743362831858
4 0.12842105263157894 0.647787610619469 0.2063157894736842 0.06371681415929203
2 0.8147368421052632 0.7185840707964601 0.13473684210526315 0.049557522123893805
2 0.36736842105263157 0.7194690265486726 0.13263157894736843 0.05132743362831858
13 0.4105263157894737 0.7194690265486726 0.23157894736842105 0.0584070796460177
13 0.8621052631578947 0.7194690265486726 0.23789473684210527 0.0584070796460177
13 0.32842105263157895 0.720353982300885 0.40842105263157896 0.06725663716814159
13 0.7768421052631579 0.720353982300885 0.4168421052631579 0.06725663716814159
5 0.11263157894736842 0.7911504424778761 0.17473684210526316 0.06371681415929203
2 0.23684210526315788 0.8530973451327434 0.13263157894736843 0.049557522123893805
2 0.2431578947368421 0.9150442477876106 0.13263157894736843 0.049557522123893805
13 0.29473684210526313 0.9150442477876106 0.24421052631578946 0.05663716814159292
4 0.12736842105263158 0.10265486725663717 0.20421052631578948 0.06725663716814159
13 0.2894736842105263 0.16902654867256636 0.23789473684210527 0.0584070796460177
2 0.2431578947368421 0.16991150442477876 0.13263157894736843 0.049557522123893805