3 0.432475884244373 0.2028985507246377 0.7813504823151125 0.057971014492753624
3 0.41961414790996787 0.3596014492753623 0.7620578778135049 0.059782608695652176
13 0.752411575562701 0.519927536231884 0.45016077170418006 0.06159420289855073
11 0.6832797427652733 0.5217391304347826 0.2861736334405145 0.050724637681159424
1 0.1495176848874598 0.05344202898550725 0.2861736334405145 0.10326086956521739
11 0.594855305466238 0.5842391304347826 0.28938906752411575 0.04891304347826087
0 0.16237942122186494 0.6431159420289855 0.24758842443729903 0.057971014492753624
11 0.5964630225080386 0.759963768115942 0.2861736334405145 0.04891304347826087
0 0.1607717041800643 0.8197463768115942 0.24437299035369775 0.059782608695652176
0 0.11093247588424437 0.917572463768116 0.1382636655948553 0.059782608695652176
11 0.26688102893890675 0.13949275362318841 0.2057877813504823 0.050724637681159424
13 0.3311897106109325 0.1403985507246377 0.45016077170418006 0.059782608695652176