11 0.1650485436893204 0.30385487528344673 0.09320388349514563 0.06349206349206349
13 0.21941747572815534 0.30498866213151926 0.26407766990291265 0.07482993197278912
11 0.23300970873786409 0.3900226757369615 0.18640776699029127 0.05895691609977324
13 0.2728155339805825 0.391156462585034 0.3320388349514563 0.07482993197278912
13 0.3699029126213592 0.47619047619047616 0.48349514563106794 0.07709750566893424
11 0.258252427184466 0.47732426303854875 0.1941747572815534 0.06575963718820861
7 0.15728155339805824 0.05215419501133787 0.3067961165048544 0.09977324263038549
8 0.26796116504854367 0.5566893424036281 0.3611650485436893 0.07482993197278912
11 0.30097087378640774 0.6780045351473923 0.19029126213592232 0.06349206349206349
0 0.5330097087378641 0.6791383219954649 0.9300970873786408 0.07482993197278912
13 0.2174757281553398 0.21882086167800455 0.3067961165048544 0.07482993197278912
11 0.17766990291262136 0.2199546485260771 0.16116504854368932 0.06349206349206349