5 0.12588235294117647 0.2547348484848485 0.1952941176470588 0.07007575757575757
2 0.27176470588235296 0.32575757575757575 0.14823529411764705 0.05303030303030303
13 0.3211764705882353 0.32670454545454547 0.2611764705882353 0.0625
13 0.24235294117647058 0.03977272727272727 0.32941176470588235 0.06439393939393939
2 0.19411764705882353 0.03977272727272727 0.15294117647058825 0.05303030303030303
4 0.1423529411764706 0.3977272727272727 0.22823529411764706 0.06818181818181818
2 0.40352941176470586 0.4696969696969697 0.14823529411764705 0.05303030303030303
2 0.7929411764705883 0.4696969696969697 0.15058823529411763 0.05303030303030303
13 0.31176470588235294 0.4706439393939394 0.3458823529411765 0.0625
13 0.7 0.4706439393939394 0.3458823529411765 0.0625
5 0.12705882352941175 0.5416666666666666 0.19294117647058823 0.06818181818181818
13 0.3211764705882353 0.6117424242424242 0.2611764705882353 0.06060606060606061
2 0.27176470588235296 0.6126893939393939 0.14823529411764705 0.054924242424242424
13 0.3211764705882353 0.6827651515151515 0.2564705882352941 0.0625
2 0.27176470588235296 0.6846590909090909 0.14823529411764705 0.054924242424242424
4 0.1423529411764706 0.7556818181818182 0.22823529411764706 0.06818181818181818
2 0.40352941176470586 0.8323863636363636 0.14823529411764705 0.05113636363636364
2 0.7988235294117647 0.8323863636363636 0.14823529411764705 0.054924242424242424
13 0.8482352941176471 0.8323863636363636 0.2611764705882353 0.0625
13 0.31058823529411766 0.8333333333333334 0.34352941176470586 0.06439393939393939
13 0.7564705882352941 0.8333333333333334 0.4588235294117647 0.07196969696969698
5 0.12588235294117647 0.9090909090909091 0.1952941176470588 0.07196969696969698
4 0.14352941176470588 0.10984848484848485 0.22588235294117648 0.06818181818181818
2 0.27058823529411763 0.18276515151515152 0.14588235294117646 0.05113636363636364
13 0.32 0.18276515151515152 0.25882352941176473 0.0625