13 0.22106261859582543 0.16666666666666666 0.22960151802656548 0.054187192118226604
11 0.45161290322580644 0.16748768472906403 0.09487666034155598 0.04597701149425287
13 0.7485768500948766 0.16748768472906403 0.18785578747628084 0.04597701149425287
11 0.18216318785578747 0.16748768472906403 0.09108159392789374 0.04597701149425287
13 0.4905123339658444 0.1683087027914614 0.22960151802656548 0.054187192118226604
11 0.2030360531309298 0.33579638752052543 0.09487666034155598 0.047619047619047616
13 0.5113851992409867 0.33579638752052543 0.22960151802656548 0.054187192118226604
13 0.24193548387096775 0.3366174055829228 0.22960151802656548 0.05582922824302135
11 0.4715370018975332 0.3366174055829228 0.09297912713472485 0.04926108374384237
11 0.7514231499051234 0.3366174055829228 0.09487666034155598 0.04597701149425287
13 0.7903225806451613 0.3366174055829228 0.2333965844402277 0.05582922824302135
7 0.13282732447817835 0.03858784893267652 0.25806451612903225 0.07389162561576355
13 0.5313092979127134 0.5041050903119869 0.2314990512333966 0.052545155993431854
13 0.8102466793168881 0.5041050903119869 0.2314990512333966 0.05582922824302135
13 0.26280834914611007 0.5049261083743842 0.2333965844402277 0.054187192118226604
11 0.49240986717267554 0.5049261083743842 0.09297912713472485 0.047619047619047616
11 0.7713472485768501 0.5049261083743842 0.09297912713472485 0.047619047619047616
11 0.22296015180265655 0.5057471264367817 0.09297912713472485 0.04597701149425287
13 0.5417457305502846 0.6691297208538588 0.22960151802656548 0.054187192118226604
11 0.2333965844402277 0.6699507389162561 0.09108159392789374 0.04597701149425287
13 0.2732447817836812 0.6699507389162561 0.2314990512333966 0.05582922824302135
11 0.5018975332068312 0.6699507389162561 0.09297912713472485 0.04597701149425287