11 0.6195054945054945 0.2415929203539823 0.10164835164835165 0.05132743362831858
13 0.6771978021978022 0.2415929203539823 0.31043956043956045 0.0584070796460177
11 0.260989010989011 0.2415929203539823 0.0989010989010989 0.047787610619469026
13 0.3173076923076923 0.2424778761061947 0.30494505494505497 0.05663716814159292
13 0.3489010989010989 0.3752212389380531 0.3131868131868132 0.05663716814159292
13 0.739010989010989 0.3752212389380531 0.3076923076923077 0.05663716814159292
11 0.29395604395604397 0.3769911504424779 0.10989010989010989 0.049557522123893805
11 0.6826923076923077 0.3769911504424779 0.10714285714285714 0.049557522123893805
12 0.27472527472527475 0.04070796460176991 0.5384615384615384 0.07787610619469026
10 0.521978021978022 0.4433628318584071 0.7967032967032966 0.0584070796460177
11 0.27884615384615385 0.6008849557522123 0.10714285714285714 0.047787610619469026
13 0.33653846153846156 0.6008849557522123 0.3159340659340659 0.0584070796460177
10 0.5206043956043956 0.6628318584070797 0.7994505494505495 0.0584070796460177
11 0.28983516483516486 0.16991150442477876 0.25 0.049557522123893805
13 0.34615384615384615 0.16991150442477876 0.45054945054945056 0.05663716814159292