2 0.15384615384615385 0.141643059490085 0.07068607068607069 0.039660056657223795
4 0.1257796257796258 0.1905099150141643 0.20166320166320167 0.049575070821529746
11 0.15592515592515593 0.23937677053824363 0.06652806652806653 0.039660056657223795
11 0.262993762993763 0.24008498583569404 0.06860706860706861 0.03824362606232295
5 0.11122661122661123 0.29036827195467424 0.17255717255717257 0.05099150141643059
13 0.4979209979209979 0.03328611898016997 0.2390852390852391 0.046742209631728045
2 0.1496881496881497 0.03328611898016997 0.07068607068607069 0.04107648725212465
13 0.20062370062370063 0.03328611898016997 0.2390852390852391 0.046742209631728045
2 0.2515592515592516 0.0339943342776204 0.07068607068607069 0.039660056657223795
2 0.446985446985447 0.0339943342776204 0.07068607068607069 0.039660056657223795
2 0.5498960498960499 0.0339943342776204 0.07276507276507277 0.039660056657223795
13 0.21205821205821207 0.42705382436260625 0.23700623700623702 0.046742209631728045
2 0.4584199584199584 0.42705382436260625 0.06860706860706861 0.04107648725212465
13 0.5083160083160083 0.42705382436260625 0.2390852390852391 0.046742209631728045
2 0.5602910602910602 0.42705382436260625 0.06860706860706861 0.04107648725212465
11 0.7484407484407485 0.42705382436260625 0.07068607068607069 0.04107648725212465
13 0.8014553014553014 0.42705382436260625 0.23492723492723494 0.046742209631728045
11 0.8513513513513513 0.42705382436260625 0.06860706860706861 0.03824362606232295
2 0.16112266112266113 0.42705382436260625 0.06860706860706861 0.04107648725212465
2 0.262993762993763 0.42776203966005666 0.06860706860706861 0.039660056657223795
2 0.30561330561330563 0.4886685552407932 0.07068607068607069 0.039660056657223795
2 0.262993762993763 0.5382436260623229 0.06860706860706861 0.039660056657223795
2 0.15384615384615385 0.5382436260623229 0.07068607068607069 0.039660056657223795
4 0.1257796257796258 0.5878186968838527 0.20166320166320167 0.05099150141643059
11 0.26195426195426197 0.6373937677053825 0.06652806652806653 0.039660056657223795
11 0.15592515592515593 0.6381019830028328 0.07068607068607069 0.03824362606232295
5 0.11122661122661123 0.6883852691218131 0.17255717255717257 0.05099150141643059
2 0.26195426195426197 0.7379603399433428 0.07068607068607069 0.039660056657223795
2 0.1548856548856549 0.7379603399433428 0.06860706860706861 0.039660056657223795
4 0.1257796257796258 0.7875354107648725 0.20166320166320167 0.05099150141643059
11 0.1548856548856549 0.8364022662889519 0.06860706860706861 0.03824362606232295
11 0.262993762993763 0.8371104815864022 0.06860706860706861 0.039660056657223795
5 0.11122661122661123 0.886685552407932 0.17255717255717257 0.05099150141643059
2 0.30561330561330563 0.09135977337110482 0.07068607068607069 0.03824362606232295
2 0.262993762993763 0.14093484419263455 0.06860706860706861 0.03824362606232295