0 0.2846153846153846 0.18882175226586104 0.4358974358974359 0.04833836858006042
0 0.31794871794871793 0.2394259818731118 0.5025641025641026 0.04984894259818731
0 0.2692307692307692 0.28700906344410876 0.40512820512820513 0.045317220543806644
2 0.36666666666666664 0.030211480362537766 0.2205128205128205 0.04229607250755287
13 0.47435897435897434 0.030966767371601207 0.6 0.04984894259818731
5 0.2743589743589744 0.33987915407854985 0.4256410256410256 0.05740181268882175
13 0.5307692307692308 0.4788519637462236 0.6 0.0513595166163142
2 0.4230769230769231 0.4788519637462236 0.2205128205128205 0.04229607250755287
0 0.31025641025641026 0.5891238670694864 0.38461538461538464 0.04833836858006042
0 0.38974358974358975 0.6389728096676737 0.5435897435897435 0.04833836858006042
0 0.34615384615384615 0.6880664652567976 0.4564102564102564 0.04682779456193353
0 0.33589743589743587 0.7356495468277946 0.4358974358974359 0.04833836858006042
5 0.3333333333333333 0.7892749244712991 0.4307692307692308 0.055891238670694864
0 0.2564102564102564 0.14123867069486404 0.37948717948717947 0.04984894259818731