3 0.5190311418685121 0.15172413793103448 0.9480968858131488 0.05241379310344828
3 0.4134948096885813 0.3489655172413793 0.8131487889273357 0.044137931034482755
1 0.1643598615916955 0.041379310344827586 0.314878892733564 0.07724137931034483
13 0.43252595155709345 0.516551724137931 0.5674740484429066 0.04551724137931035
11 0.5553633217993079 0.5172413793103449 0.3079584775086505 0.038620689655172416
3 0.5190311418685121 0.5696551724137932 0.9480968858131488 0.05241379310344828
13 0.3615916955017301 0.8006896551724138 0.49480968858131485 0.04551724137931035
8 0.28027681660899656 0.8475862068965517 0.47058823529411764 0.04275862068965517
6 0.2768166089965398 0.8931034482758621 0.47058823529411764 0.04551724137931035
8 0.3096885813148789 0.9386206896551724 0.5294117647058824 0.04551724137931035
11 0.30103806228373703 0.10344827586206896 0.3044982698961938 0.038620689655172416