11 0.41621621621621624 0.19491525423728814 0.1837837837837838 0.04745762711864407
13 0.527027027027027 0.19576271186440677 0.5891891891891892 0.05593220338983051
4 0.3864864864864865 0.3864406779661017 0.5243243243243243 0.06440677966101695
11 0.6027027027027027 0.5067796610169492 0.1783783783783784 0.04745762711864407
13 0.7135135135135136 0.5067796610169492 0.43243243243243246 0.05423728813559322
1 0.24864864864864866 0.051694915254237285 0.4864864864864865 0.09661016949152543
11 0.8243243243243243 0.6889830508474576 0.1783783783783784 0.04576271186440678
13 0.7135135135135136 0.6898305084745763 0.42162162162162165 0.05423728813559322
5 0.34864864864864864 0.7533898305084745 0.4486486486486487 0.06271186440677966
11 0.35945945945945945 0.13050847457627118 0.1783783783783784 0.04745762711864407
13 0.4702702702702703 0.13135593220338984 0.5837837837837838 0.05593220338983051