2 0.33979763912310285 0.21194029850746268 0.05564924114671164 0.041791044776119404
13 0.3802698145025295 0.21194029850746268 0.1433389544688027 0.04477611940298507
2 0.4190556492411467 0.21194029850746268 0.05564924114671164 0.041791044776119404
2 0.5075885328836425 0.21194029850746268 0.05733558178752108 0.041791044776119404
2 0.6888701517706577 0.21194029850746268 0.05564924114671164 0.041791044776119404
2 0.857504215851602 0.21194029850746268 0.05564924114671164 0.041791044776119404
2 0.5868465430016864 0.2126865671641791 0.05396290050590219 0.04328358208955224
13 0.7293423271500843 0.2126865671641791 0.1433389544688027 0.049253731343283584
2 0.9342327150084317 0.2126865671641791 0.05733558178752108 0.04029850746268657
13 0.5767284991568297 0.21343283582089553 0.8094435075885329 0.07462686567164178
2 0.7681281618887015 0.21343283582089553 0.05564924114671164 0.041791044776119404
13 0.8102866779089376 0.21343283582089553 0.31871838111298484 0.056716417910447764
13 0.897133220910624 0.21343283582089553 0.14165261382799327 0.04776119402985075
13 0.463743676222597 0.21417910447761193 0.32040472175379425 0.05522388059701493
13 0.5463743676222597 0.21417910447761193 0.14165261382799327 0.04626865671641791
13 0.6382799325463744 0.21417910447761193 0.6795952782462057 0.06119402985074627
13 0.4620573355817875 0.291044776119403 0.3136593591905565 0.05373134328358209
2 0.4190556492411467 0.29253731343283584 0.05564924114671164 0.03880597014925373
13 0.5463743676222597 0.29253731343283584 0.14165261382799327 0.050746268656716415
2 0.5868465430016864 0.29253731343283584 0.05733558178752108 0.041791044776119404
2 0.6888701517706577 0.29253731343283584 0.05564924114671164 0.041791044776119404
13 0.7276559865092749 0.29253731343283584 0.1433389544688027 0.04477611940298507
2 0.7681281618887015 0.29253731343283584 0.05564924114671164 0.041791044776119404
2 0.33979763912310285 0.29328358208955224 0.05564924114671164 0.04328358208955224
13 0.5775716694772344 0.29328358208955224 0.8111298482293423 0.07313432835820896
13 0.6382799325463744 0.29328358208955224 0.6795952782462057 0.06417910447761194
13 0.811973018549747 0.29328358208955224 0.3220910623946037 0.05522388059701493
2 0.8566610455311973 0.29328358208955224 0.05396290050590219 0.04029850746268657
2 0.9350758853288365 0.29328358208955224 0.05564924114671164 0.04029850746268657
13 0.3802698145025295 0.29402985074626864 0.1433389544688027 0.04776119402985075
2 0.5084317032040472 0.29402985074626864 0.05564924114671164 0.041791044776119404
13 0.897133220910624 0.29402985074626864 0.14165261382799327 0.04776119402985075
11 0.23524451939291738 0.3619402985074627 0.06239460370994941 0.04029850746268657
4 0.08347386172006746 0.4171641791044776 0.163575042158516 0.05522388059701493
11 0.1163575042158516 0.47388059701492535 0.06408094435075885 0.04029850746268657
13 0.15008431703204048 0.47388059701492535 0.18887015177065766 0.049253731343283584
1 0.3102866779089376 0.048507462686567165 0.6172006745362564 0.08507462686567165
2 0.4831365935919056 0.05 0.05227655986509275 0.03731343283582089
2 0.16441821247892074 0.050746268656716415 0.05227655986509275 0.03880597014925373
2 0.22849915682967958 0.05149253731343283 0.05564924114671164 0.04029850746268657
2 0.2925801011804384 0.05149253731343283 0.05227655986509275 0.04029850746268657
2 0.35581787521079256 0.05149253731343283 0.05396290050590219 0.04029850746268657
2 0.41989881956155145 0.05223880597014925 0.05396290050590219 0.03880597014925373
2 0.56070826306914 0.05223880597014925 0.08263069139966273 0.03880597014925373
11 0.38701517706576727 0.5350746268656716 0.06239460370994941 0.04029850746268657
13 0.4325463743676223 0.5350746268656716 0.20741989881956155 0.049253731343283584
11 0.4797639123102867 0.5350746268656716 0.06239460370994941 0.04029850746268657
11 0.1433389544688027 0.5350746268656716 0.06408094435075885 0.04029850746268657
13 0.18887015177065766 0.5358208955223881 0.209106239460371 0.050746268656716415
11 0.23524451939291738 0.5358208955223881 0.06239460370994941 0.041791044776119404
13 0.3069139966273187 0.5955223880597015 0.19561551433389546 0.050746268656716415
2 0.37099494097807756 0.5955223880597015 0.05733558178752108 0.03880597014925373
13 0.3069139966273187 0.6843283582089552 0.19561551433389546 0.049253731343283584
2 0.37099494097807756 0.6843283582089552 0.05733558178752108 0.04029850746268657
2 0.2436762225969646 0.8052238805970149 0.08263069139966273 0.04029850746268657
2 0.19477234401349072 0.8574626865671642 0.05564924114671164 0.04029850746268657
2 0.10708263069139966 0.8574626865671642 0.05564924114671164 0.04328358208955224
2 0.10708263069139966 0.905223880597015 0.05564924114671164 0.04029850746268657
2 0.19477234401349072 0.9059701492537313 0.05564924114671164 0.041791044776119404
5 0.07166947723440135 0.9589552238805971 0.1399662731871838 0.058208955223880594
13 0.5480607082630692 0.13059701492537312 0.14502529510961215 0.04626865671641791
13 0.4645868465430017 0.13134328358208955 0.3220910623946037 0.056716417910447764
13 0.7293423271500843 0.13134328358208955 0.1467116357504216 0.04776119402985075
13 0.8962900505902193 0.13134328358208955 0.1433389544688027 0.04776119402985075
13 0.3777403035413153 0.13208955223880597 0.14165261382799327 0.049253731343283584
2 0.4190556492411467 0.13208955223880597 0.05564924114671164 0.04029850746268657
2 0.5084317032040472 0.13208955223880597 0.05564924114671164 0.04029850746268657
13 0.6374367622259697 0.13208955223880597 0.6779089376053963 0.06417910447761194
2 0.6888701517706577 0.13208955223880597 0.05564924114671164 0.04029850746268657
2 0.7672849915682968 0.13208955223880597 0.05396290050590219 0.04029850746268657
13 0.8128161888701517 0.13208955223880597 0.32040472175379425 0.058208955223880594
2 0.3414839797639123 0.1328358208955224 0.05902192242833052 0.041791044776119404
2 0.5868465430016864 0.1328358208955224 0.05396290050590219 0.041791044776119404
2 0.8566610455311973 0.1328358208955224 0.05733558178752108 0.041791044776119404
2 0.9350758853288365 0.1328358208955224 0.05564924114671164 0.041791044776119404
13 0.5767284991568297 0.1335820895522388 0.8094435075885329 0.07313432835820896