13 0.4861878453038674 0.29784172661870506 0.3701657458563536 0.05467625899280575
11 0.494475138121547 0.29784172661870506 0.09392265193370165 0.04028776978417266
13 0.5511049723756906 0.29784172661870506 0.22375690607734808 0.0460431654676259
15 0.1712707182320442 0.03237410071942446 0.3314917127071823 0.0618705035971223
13 0.3632596685082873 0.3553956834532374 0.4171270718232044 0.04892086330935252
11 0.3052486187845304 0.35611510791366907 0.212707182320442 0.03884892086330935
11 0.30248618784530384 0.41007194244604317 0.09116022099447514 0.04028776978417266
11 0.494475138121547 0.41007194244604317 0.2154696132596685 0.04028776978417266
13 0.430939226519337 0.41079136690647483 0.36464088397790057 0.04748201438848921
0 0.36049723756906077 0.4115107913669065 0.5331491712707183 0.05467625899280575
13 0.35773480662983426 0.4683453237410072 0.31767955801104975 0.04748201438848921
11 0.675414364640884 0.4683453237410072 0.11878453038674033 0.041726618705035974
11 0.30386740331491713 0.46906474820143884 0.11602209944751381 0.04028776978417266
13 0.7361878453038674 0.46906474820143884 0.31767955801104975 0.04892086330935252
10 0.3784530386740331 0.5266187050359712 0.5082872928176796 0.05467625899280575
11 0.4447513812154696 0.5273381294964029 0.08839779005524862 0.03884892086330935
13 0.505524861878453 0.5273381294964029 0.2265193370165746 0.04748201438848921
10 0.3867403314917127 0.6086330935251798 0.5248618784530387 0.0460431654676259
3 0.43646408839779005 0.685611510791367 0.6795580110497238 0.04748201438848921
13 0.48204419889502764 0.7402877697841727 0.24585635359116023 0.04748201438848921
13 0.5400552486187845 0.7402877697841727 0.3729281767955801 0.053237410071942444
13 0.48480662983425415 0.8330935251798561 0.24585635359116023 0.0460431654676259
13 0.5386740331491713 0.8330935251798561 0.3701657458563536 0.05467625899280575
11 0.27900552486187846 0.14172661870503597 0.08839779005524862 0.03884892086330935
13 0.38950276243093923 0.14244604316546763 0.40331491712707185 0.0460431654676259