6 0.4254032258064516 0.1613316261203585 0.6653225806451613 0.040973111395646605
11 0.4032258064516129 0.20550576184379002 0.22580645161290322 0.034571062740076826
13 0.5 0.20614596670934698 0.5564516129032258 0.04353393085787452
10 0.5100806451612904 0.25096030729833546 0.7459677419354839 0.040973111395646605
10 0.4959677419354839 0.3207426376440461 0.717741935483871 0.04225352112676056
8 0.29435483870967744 0.3892445582586428 0.4032258064516129 0.040973111395646605
11 0.4032258064516129 0.7797695262483995 0.22580645161290322 0.03585147247119078
13 0.49798387096774194 0.7797695262483995 0.5524193548387096 0.04353393085787452
10 0.4798387096774194 0.825224071702945 0.6854838709677419 0.04225352112676056
10 0.4959677419354839 0.8943661971830986 0.717741935483871 0.04225352112676056
3 0.5201612903225806 0.11971830985915492 0.9435483870967742 0.04225352112676056