3 0.43127147766323026 0.3044822256568779 0.8487972508591065 0.04945904173106646
15 0.211340206185567 0.03632148377125193 0.40893470790378006 0.06646058732612056
11 0.3865979381443299 0.35857805255023184 0.3470790378006873 0.04327666151468315
13 0.4948453608247423 0.35857805255023184 0.6872852233676976 0.05255023183925812
8 0.359106529209622 0.4126738794435858 0.5532646048109966 0.04945904173106646
8 0.31443298969072164 0.46367851622874806 0.4570446735395189 0.04945904173106646
11 0.3848797250859107 0.6004636785162287 0.3436426116838488 0.04173106646058733
13 0.4879725085910653 0.6004636785162287 0.6666666666666666 0.05100463678516229
8 0.35051546391752575 0.705564142194745 0.5360824742268041 0.05100463678516229
13 0.520618556701031 0.7921174652241113 0.7319587628865979 0.05100463678516229
11 0.3865979381443299 0.7928902627511591 0.3470790378006873 0.04327666151468315
8 0.32646048109965636 0.8972179289026275 0.4879725085910653 0.05100463678516229
11 0.3865979381443299 0.09505409582689335 0.24398625429553264 0.04173106646058733
6 0.211340206185567 0.14528593508500773 0.40893470790378006 0.04945904173106646