11 0.1814621409921671 0.20345744680851063 0.10182767624020887 0.03723404255319149
13 0.2362924281984334 0.20345744680851063 0.2950391644908616 0.04521276595744681
2 0.46475195822454307 0.3836436170212766 0.10443864229765012 0.03856382978723404
1 0.5 0.0398936170212766 0.9895561357702349 0.07446808510638298
2 0.9151436031331592 0.04188829787234043 0.10182767624020887 0.03590425531914894
2 0.2950391644908616 0.0425531914893617 0.0835509138381201 0.034574468085106384
2 0.39295039164490864 0.0425531914893617 0.08616187989556136 0.034574468085106384
2 0.489556135770235 0.0425531914893617 0.08093994778067885 0.034574468085106384
2 0.5900783289817232 0.0425531914893617 0.0835509138381201 0.034574468085106384
2 0.6932114882506527 0.0425531914893617 0.09138381201044386 0.034574468085106384
2 0.8002610966057441 0.0425531914893617 0.09138381201044386 0.034574468085106384
2 0.391644908616188 0.5199468085106383 0.09399477806788512 0.03723404255319149
2 0.3093994778067885 0.5664893617021277 0.08616187989556136 0.03723404255319149
4 0.15796344647519583 0.613031914893617 0.25326370757180156 0.047872340425531915
13 0.26370757180156656 0.663563829787234 0.26631853785900783 0.0425531914893617
11 0.32506527415143605 0.663563829787234 0.1279373368146214 0.03723404255319149
2 0.17885117493472585 0.663563829787234 0.08616187989556136 0.03723404255319149
5 0.13968668407310705 0.714095744680851 0.21671018276762402 0.047872340425531915
13 0.26370757180156656 0.8570478723404256 0.29765013054830286 0.043882978723404256
11 0.21018276762402088 0.8570478723404256 0.10182767624020887 0.03590425531914894