11 0.16359918200409 0.24245283018867925 0.14314928425357873 0.0509433962264151
0 0.23721881390593047 0.24339622641509434 0.4662576687116564 0.06037735849056604
0 0.48261758691206547 0.32264150943396225 0.9570552147239264 0.1018867924528302
13 0.5695296523517382 0.32358490566037734 0.5541922290388548 0.09245283018867924
11 0.5828220858895705 0.32358490566037734 0.1390593047034765 0.0509433962264151
13 0.614519427402863 0.32358490566037734 0.45194274028629855 0.08113207547169811
13 0.5715746421267893 0.32452830188679244 0.3537832310838446 0.07169811320754717
11 0.1605316973415133 0.32452830188679244 0.13701431492842536 0.04905660377358491
4 0.10224948875255624 0.4707547169811321 0.19631901840490798 0.06981132075471698
1 0.11042944785276074 0.05566037735849057 0.21267893660531698 0.10754716981132076
5 0.08895705521472393 0.6037735849056604 0.16973415132924335 0.06792452830188679
13 0.2167689161554192 0.6764150943396227 0.294478527607362 0.062264150943396226
11 0.17280163599182005 0.6764150943396227 0.1411042944785276 0.0509433962264151
0 0.12269938650306748 0.7415094339622641 0.19222903885480572 0.06037735849056604
13 0.21267893660531698 0.8490566037735849 0.294478527607362 0.06415094339622641
11 0.17177914110429449 0.8490566037735849 0.1390593047034765 0.052830188679245285
0 0.12167689161554192 0.9160377358490566 0.1901840490797546 0.062264150943396226
11 0.35787321063394684 0.16132075471698112 0.1390593047034765 0.0509433962264151
11 0.8916155419222904 0.16132075471698112 0.14314928425357873 0.0509433962264151