11 0.32229965156794427 0.2721280602636535 0.18815331010452963 0.05084745762711865
11 0.2264808362369338 0.3342749529190207 0.1254355400696864 0.05084745762711865
11 0.7177700348432056 0.4199623352165725 0.10452961672473868 0.05273069679849341
13 0.7935540069686411 0.4199623352165725 0.2735191637630662 0.07156308851224105
11 0.38501742160278746 0.4209039548022599 0.18815331010452963 0.05084745762711865
11 0.5722996515679443 0.4209039548022599 0.12020905923344948 0.054613935969868174
13 0.6123693379790941 0.4209039548022599 0.6533101045296167 0.09227871939736347
11 0.20034843205574912 0.4218455743879473 0.11498257839721254 0.05273069679849341
13 0.5513937282229965 0.4218455743879473 0.8763066202090593 0.1016949152542373
13 0.7212543554006968 0.4218455743879473 0.42857142857142855 0.08286252354048965
13 0.7569686411149826 0.4218455743879473 0.18989547038327526 0.060263653483992465
11 0.3318815331010453 0.512241054613936 0.10627177700348432 0.05273069679849341
13 0.3702090592334495 0.5131826741996234 0.19337979094076654 0.062146892655367235
1 0.12804878048780488 0.05649717514124294 0.24912891986062718 0.10546139359698682
14 0.14982578397212543 0.5781544256120528 0.25435540069686413 0.060263653483992465
11 0.3318815331010453 0.756120527306968 0.18989547038327526 0.05084745762711865
13 0.5461672473867596 0.756120527306968 0.19337979094076654 0.062146892655367235
11 0.735191637630662 0.756120527306968 0.11846689895470383 0.05084745762711865
13 0.43902439024390244 0.7570621468926554 0.4146341463414634 0.07156308851224105
11 0.5069686411149826 0.7570621468926554 0.10452961672473868 0.05273069679849341
13 0.5130662020905923 0.7570621468926554 0.573170731707317 0.08286252354048965
14 0.13153310104529617 0.832391713747646 0.25609756097560976 0.060263653483992465
13 0.27090592334494773 0.14595103578154425 0.22125435540069685 0.062146892655367235
11 0.30662020905923343 0.14689265536723164 0.13937282229965156 0.05273069679849341