2 0.42071197411003236 0.3929889298892989 0.1488673139158576 0.1070110701107011
10 0.38349514563106796 0.522140221402214 0.7540453074433657 0.13653136531365315
2 0.459546925566343 0.522140221402214 0.26537216828478966 0.1070110701107011
13 0.529126213592233 0.5239852398523985 0.42394822006472493 0.11808118081180811
13 0.5614886731391586 0.6605166051660517 0.42394822006472493 0.11808118081180811
2 0.4935275080906149 0.6623616236162362 0.2686084142394822 0.1070110701107011
14 0.24433656957928804 0.7915129151291513 0.47572815533980584 0.11439114391143912
2 0.4223300970873786 0.9114391143911439 0.14563106796116504 0.1033210332103321
1 0.5 0.1088560885608856 0.9870550161812298 0.21033210332103322
2 0.45145631067961167 0.11623616236162361 0.13915857605177995 0.0996309963099631
2 0.610032362459547 0.11623616236162361 0.13915857605177995 0.0996309963099631
2 0.8300970873786407 0.11808118081180811 0.2621359223300971 0.0959409594095941
10 0.2605177993527508 0.2730627306273063 0.5080906148867314 0.11808118081180811