4 0.3641025641025641 0.23655172413793105 0.49230769230769234 0.05103448275862069
11 0.34102564102564104 0.028275862068965516 0.16923076923076924 0.037241379310344824
13 0.45384615384615384 0.028275862068965516 0.5692307692307692 0.04551724137931035
11 0.5692307692307692 0.3331034482758621 0.17435897435897435 0.037241379310344824
13 0.6743589743589744 0.3331034482758621 0.40512820512820513 0.04551724137931035
13 0.676923076923077 0.4303448275862069 0.4 0.044137931034482755
11 0.782051282051282 0.4303448275862069 0.16923076923076924 0.038620689655172416
5 0.33076923076923076 0.4820689655172414 0.4256410256410256 0.05103448275862069
11 0.4512820512820513 0.5641379310344827 0.1641025641025641 0.038620689655172416
13 0.5538461538461539 0.5655172413793104 0.5538461538461539 0.04689655172413793
4 0.41794871794871796 0.7206896551724138 0.49743589743589745 0.05103448275862069
11 0.39487179487179486 0.08 0.1641025641025641 0.038620689655172416
13 0.49743589743589745 0.08068965517241379 0.5538461538461539 0.04551724137931035
11 0.6230769230769231 0.8179310344827586 0.16923076923076924 0.038620689655172416
13 0.7307692307692307 0.8179310344827586 0.40512820512820513 0.044137931034482755
13 0.7307692307692307 0.9144827586206896 0.40512820512820513 0.044137931034482755
11 0.8384615384615385 0.9144827586206896 0.16923076923076924 0.038620689655172416
5 0.38461538461538464 0.9668965517241379 0.4307692307692308 0.05241379310344828