13 0.6432481751824818 0.32323232323232326 0.5383211678832117 0.06464646464646465
13 0.6122262773722628 0.40505050505050505 0.531021897810219 0.06666666666666667
13 0.20894160583941607 0.40606060606060607 0.2281021897810219 0.06868686868686869
11 0.2509124087591241 0.40606060606060607 0.1332116788321168 0.05656565656565657
13 0.4844890510948905 0.40606060606060607 0.7937956204379562 0.07676767676767676
4 0.09306569343065693 0.4868686868686869 0.17883211678832117 0.07272727272727272
5 0.07846715328467153 0.5636363636363636 0.15328467153284672 0.07676767676767676
1 0.15328467153284672 0.06262626262626263 0.3029197080291971 0.11717171717171718
13 0.6478102189781022 0.7919191919191919 0.5364963503649635 0.06464646464646465
4 0.09124087591240876 0.8717171717171717 0.17883211678832117 0.07474747474747474
5 0.07937956204379562 0.9464646464646465 0.15145985401459855 0.07474747474747474
13 0.531021897810219 0.16565656565656567 0.6204379562043796 0.07676767676767676
13 0.5711678832116789 0.16565656565656567 0.5291970802919708 0.06464646464646465