2 0.2797131147540984 0.3314121037463977 0.06762295081967214 0.08069164265129683
2 0.23668032786885246 0.4322766570605187 0.06762295081967214 0.08069164265129683
2 0.13114754098360656 0.43371757925072046 0.06967213114754098 0.07780979827089338
4 0.1014344262295082 0.5360230547550432 0.1987704918032787 0.1037463976945245
2 0.23668032786885246 0.6368876080691642 0.06762295081967214 0.08069164265129683
2 0.13114754098360656 0.6368876080691642 0.06967213114754098 0.08069164265129683
2 0.23668032786885246 0.729106628242075 0.06762295081967214 0.08069164265129683
2 0.13114754098360656 0.729106628242075 0.06967213114754098 0.08069164265129683
2 0.23668032786885246 0.8213256484149856 0.06762295081967214 0.08069164265129683
2 0.13012295081967212 0.8227665706051873 0.06762295081967214 0.07780979827089338
1 0.4385245901639344 0.08556195965417868 0.8729508196721312 0.16138328530259366
2 0.24077868852459017 0.08988472622478387 0.06352459016393443 0.07204610951008646
2 0.3176229508196721 0.09077809798270893 0.06557377049180328 0.07780979827089338
2 0.5502049180327869 0.09077809798270893 0.06352459016393443 0.07780979827089338
2 0.6280737704918032 0.09077809798270893 0.06352459016393443 0.07204610951008646
2 0.3944672131147541 0.09221902017291066 0.06352459016393443 0.07492795389048991
2 0.4723360655737705 0.09221902017291066 0.06762295081967214 0.07492795389048991
2 0.8186475409836066 0.09221902017291066 0.06762295081967214 0.07492795389048991
5 0.08709016393442623 0.9250720461095101 0.17008196721311475 0.10951008645533142
2 0.2612704918032787 0.2219020172910663 0.06762295081967214 0.08069164265129683
2 0.3391393442622951 0.2219020172910663 0.06762295081967214 0.08069164265129683
2 0.8534836065573771 0.2219020172910663 0.06762295081967214 0.08069164265129683
2 0.5717213114754098 0.22334293948126802 0.06967213114754098 0.08357348703170028
13 0.8995901639344263 0.22334293948126802 0.1721311475409836 0.09510086455331412
2 0.18442622950819673 0.22334293948126802 0.06557377049180328 0.08357348703170028
2 0.41700819672131145 0.22478386167146974 0.06762295081967214 0.07492795389048991
2 0.4948770491803279 0.22478386167146974 0.06762295081967214 0.08069164265129683
0 0.4979508196721312 0.22478386167146974 0.9918032786885246 0.10951008645533142