2 0.3413793103448276 0.5231316725978647 0.1310344827586207 0.099644128113879
4 0.11494252873563218 0.6565836298932385 0.2206896551724138 0.13167259786476868
2 0.26666666666666666 0.7829181494661922 0.07816091954022988 0.099644128113879
2 0.1482758620689655 0.7846975088967971 0.07586206896551724 0.09608540925266904
5 0.1 0.9128113879003559 0.19080459770114944 0.13167259786476868
1 0.5011494252873563 0.10320284697508897 0.993103448275862 0.199288256227758
2 0.3252873563218391 0.10854092526690391 0.07126436781609195 0.08896797153024912
2 0.4126436781609195 0.1103202846975089 0.07126436781609195 0.09252669039145907
2 0.5344827586206896 0.1103202846975089 0.07126436781609195 0.09252669039145907
2 0.6195402298850575 0.1103202846975089 0.07126436781609195 0.09252669039145907
2 0.906896551724138 0.1103202846975089 0.12643678160919541 0.09252669039145907
2 0.26666666666666666 0.26334519572953735 0.07816091954022988 0.099644128113879
2 0.1482758620689655 0.26334519572953735 0.07586206896551724 0.099644128113879