2 0.24378585086042065 0.20616570327552985 0.07839388145315487 0.05394990366088632
2 0.13001912045889102 0.20616570327552985 0.08030592734225621 0.05394990366088632
11 0.16061185468451242 0.27360308285163776 0.13001912045889102 0.05394990366088632
13 0.19980879541108987 0.2745664739884393 0.2695984703632887 0.06358381502890173
2 0.245697896749522 0.5134874759152216 0.11663479923518165 0.05202312138728324
1 0.5009560229445507 0.057803468208092484 0.9904397705544933 0.11175337186897881
0 0.2676864244741874 0.5809248554913294 0.4894837476099426 0.06358381502890173
2 0.3795411089866157 0.06069364161849711 0.11281070745697896 0.05202312138728324
2 0.6978967495219885 0.06069364161849711 0.07648183556405354 0.055876685934489405
2 0.9149139579349904 0.06069364161849711 0.12045889101338432 0.05202312138728324
2 0.5487571701720841 0.0626204238921002 0.07265774378585087 0.05202312138728324
10 0.3049713193116635 0.6473988439306358 0.5602294455066922 0.07321772639691715
11 0.3489483747609943 0.6483622350674374 0.13575525812619502 0.05202312138728324
2 0.5105162523900574 0.6483622350674374 0.11854684512428298 0.055876685934489405
14 0.16539196940726578 0.7148362235067437 0.28107074569789675 0.06165703275529865
2 0.22275334608030592 0.7842003853564548 0.124282982791587 0.05394990366088632
13 0.2695984703632887 0.7851637764932563 0.2294455066921606 0.06358381502890173
8 0.1950286806883365 0.14450867052023122 0.3824091778202677 0.057803468208092484