2 0.35978835978835977 0.38746438746438744 0.17989417989417988 0.07977207977207977
13 0.47619047619047616 0.3888888888888889 0.43386243386243384 0.09401709401709402
5 0.2328042328042328 0.4943019943019943 0.43386243386243384 0.09971509971509972
2 0.34656084656084657 0.6025641025641025 0.1746031746031746 0.08262108262108261
2 0.6349206349206349 0.603988603988604 0.17989417989417988 0.07977207977207977
13 0.7433862433862434 0.603988603988604 0.41798941798941797 0.09116809116809117
4 0.2724867724867725 0.7108262108262108 0.5132275132275133 0.10541310541310542
2 0.35978835978835977 0.8190883190883191 0.17989417989417988 0.07692307692307693
13 0.47354497354497355 0.8190883190883191 0.43915343915343913 0.09401709401709402
5 0.2328042328042328 0.9273504273504274 0.43386243386243384 0.10541310541310542
2 0.8677248677248677 0.17236467236467237 0.17989417989417988 0.07692307692307693
13 0.47354497354497355 0.17236467236467237 0.41798941798941797 0.08831908831908832
2 0.36243386243386244 0.1737891737891738 0.1746031746031746 0.07977207977207977
4 0.2698412698412698 0.2792022792022792 0.5079365079365079 0.10256410256410256