0 0.2564102564102564 0.16578947368421051 0.37948717948717947 0.042105263157894736
0 0.3 0.20789473684210527 0.4666666666666667 0.042105263157894736
0 0.38461538461538464 0.2513157894736842 0.6358974358974359 0.042105263157894736
13 0.47184615384615386 0.02653947368421053 0.6 0.04342105263157895
2 0.36923076923076925 0.02763157894736842 0.2153846153846154 0.03684210526315789
0 0.28717948717948716 0.29407894736842105 0.441025641025641 0.04078947368421053
0 0.2692307692307692 0.3361842105263158 0.40512820512820513 0.04078947368421053
5 0.27692307692307694 0.38223684210526315 0.4205128205128205 0.04868421052631579
2 0.4230769230769231 0.5026315789473684 0.2205128205128205 0.03684210526315789
13 0.5307692307692308 0.5032894736842105 0.6 0.04342105263157895
0 0.31025641025641026 0.5986842105263158 0.38461538461538464 0.042105263157894736
0 0.33076923076923076 0.6414473684210527 0.4256410256410256 0.04342105263157895
0 0.3717948717948718 0.6842105263157895 0.5076923076923077 0.042105263157894736
0 0.3384615384615385 0.7269736842105263 0.441025641025641 0.04078947368421053
0 0.3230769230769231 0.7690789473684211 0.41025641025641024 0.04078947368421053
5 0.33076923076923076 0.8151315789473684 0.4256410256410256 0.04868421052631579
0 0.27692307692307694 0.12236842105263158 0.4205128205128205 0.042105263157894736