8 0.4798994974874372 0.2791519434628975 0.8391959798994975 0.05653710247349823
8 0.4849246231155779 0.3365724381625442 0.8492462311557789 0.05830388692579505
8 0.40954773869346733 0.39399293286219084 0.6984924623115578 0.05653710247349823
7 0.4271356783919598 0.04151943462897526 0.8442211055276382 0.07597173144876325
0 0.20603015075376885 0.45141342756183744 0.2914572864321608 0.05830388692579505
11 0.5678391959798995 0.5141342756183745 0.20100502512562815 0.04946996466431095
13 0.6708542713567839 0.5141342756183745 0.5879396984924623 0.06007067137809187
0 0.2236180904522613 0.5759717314487632 0.21608040201005024 0.05653710247349823
8 0.3969849246231156 0.6333922261484098 0.5628140703517588 0.05830388692579505
13 0.5251256281407035 0.7332155477031802 0.6180904522613065 0.06007067137809187
11 0.4045226130653266 0.7340989399293286 0.20603015075376885 0.04770318021201413
0 0.26884422110552764 0.7941696113074205 0.3065326633165829 0.05830388692579505
0 0.2814070351758794 0.8913427561837456 0.3316582914572864 0.05830388692579505