2 0.5609756097560976 0.34183673469387754 0.3121951219512195 0.07142857142857142
13 0.6682926829268293 0.34183673469387754 0.5365853658536586 0.08163265306122448
2 0.5487804878048781 0.43112244897959184 0.3073170731707317 0.07142857142857142
13 0.5048780487804878 0.05229591836734694 0.6780487804878049 0.08418367346938775
2 0.4 0.05229591836734694 0.32195121951219513 0.07397959183673469
2 0.5487804878048781 0.514030612244898 0.3073170731707317 0.06887755102040816
2 0.5634146341463414 0.6020408163265306 0.3073170731707317 0.07142857142857142
13 0.6634146341463415 0.6033163265306123 0.5365853658536586 0.08418367346938775
5 0.26097560975609757 0.6989795918367347 0.40487804878048783 0.09183673469387756
2 0.5634146341463414 0.7959183673469388 0.3073170731707317 0.07142857142857142
13 0.6658536585365854 0.7971938775510204 0.5317073170731708 0.07908163265306123
2 0.5487804878048781 0.8852040816326531 0.3073170731707317 0.07142857142857142
2 0.5634146341463414 0.14795918367346939 0.3073170731707317 0.07142857142857142
13 0.6634146341463415 0.14923469387755103 0.5365853658536586 0.08418367346938775
4 0.2951219512195122 0.24362244897959184 0.47317073170731705 0.09438775510204081