6 0.5 0.18785714285714286 0.9026217228464419 0.047142857142857146
6 0.5318352059925093 0.2807142857142857 0.898876404494382 0.047142857142857146
7 0.27153558052434457 0.03357142857142857 0.5355805243445693 0.06142857142857143
13 0.398876404494382 0.3921428571428571 0.4681647940074906 0.047142857142857146
11 0.32209737827715357 0.39285714285714285 0.1947565543071161 0.04
6 0.5056179775280899 0.4421428571428571 0.846441947565543 0.047142857142857146
6 0.5411985018726592 0.535 0.8352059925093633 0.047142857142857146
13 0.43820224719101125 0.6471428571428571 0.46441947565543074 0.04857142857142857
11 0.3595505617977528 0.6471428571428571 0.1947565543071161 0.04
6 0.5449438202247191 0.6964285714285714 0.8352059925093633 0.047142857142857146
6 0.5805243445692884 0.7892857142857143 0.8239700374531835 0.047142857142857146
13 0.3573408239700374 0.13617142857142855 0.47191011235955055 0.047142857142857146
11 0.2808988764044944 0.13785714285714284 0.18726591760299627 0.041428571428571426