3 0.10961123110151189 0.18778625954198475 0.18682505399568033 0.06412213740458016
11 0.2937365010799136 0.1900763358778626 0.08855291576673865 0.044274809160305344
13 0.3185745140388769 0.1900763358778626 0.17278617710583152 0.050381679389312976
8 0.10637149028077754 0.2969465648854962 0.15658747300215983 0.050381679389312976
6 0.09233261339092873 0.3473282442748092 0.1285097192224622 0.050381679389312976
13 0.6636069114470843 0.44122137404580153 0.6490280777537797 0.06717557251908397
13 0.8039956803455723 0.44122137404580153 0.36393088552915764 0.05801526717557252
13 0.7823974082073434 0.44198473282442746 0.3120950323974082 0.050381679389312976
1 0.09287257019438445 0.04732824427480916 0.1771058315334773 0.08854961832061069
13 0.7823974082073434 0.5480916030534351 0.3120950323974082 0.04885496183206107
13 0.6636069114470843 0.5488549618320611 0.6490280777537797 0.06870229007633588
13 0.8045356371490281 0.5488549618320611 0.36285097192224625 0.059541984732824425
13 0.38660907127429806 0.7053435114503817 0.31965442764578833 0.04885496183206107
13 0.382829373650108 0.7633587786259542 0.3185745140388769 0.04885496183206107
11 0.13012958963282936 0.8740458015267175 0.13498920086393087 0.04122137404580153
13 0.15226781857451405 0.8740458015267175 0.2159827213822894 0.050381679389312976
3 0.21868250539956804 0.8748091603053435 0.4287257019438445 0.06717557251908397
11 0.13012958963282936 0.12366412213740458 0.13498920086393087 0.042748091603053436
13 0.3714902807775378 0.12366412213740458 0.16414686825053995 0.051908396946564885
13 0.15280777537796977 0.12442748091603054 0.21490280777537796 0.050381679389312976
11 0.33369330453563717 0.12442748091603054 0.05183585313174946 0.04122137404580153