3 0.5209923664122137 0.16176470588235295 0.950381679389313 0.04219948849104859
13 0.4732824427480916 0.20588235294117646 0.5267175572519084 0.043478260869565216
11 0.3797709923664122 0.20588235294117646 0.21755725190839695 0.03580562659846547
10 0.5095419847328244 0.25127877237851665 0.7595419847328244 0.04219948849104859
10 0.4713740458015267 0.3203324808184143 0.683206106870229 0.04219948849104859
6 0.4026717557251908 0.3887468030690537 0.6297709923664122 0.04092071611253197
8 0.32061068702290074 0.46994884910485935 0.37404580152671757 0.03964194373401535
10 0.34541984732824427 0.07800511508951406 0.683206106870229 0.04092071611253197
11 0.3816793893129771 0.8203324808184144 0.21374045801526717 0.034526854219948847
13 0.4732824427480916 0.8203324808184144 0.5267175572519084 0.04219948849104859
10 0.4541984732824427 0.8650895140664961 0.648854961832061 0.04219948849104859
10 0.46946564885496184 0.9347826086956522 0.6793893129770993 0.043478260869565216