13 0.6634146341463415 0.39751552795031053 0.5365853658536586 0.09937888198757763
2 0.5634146341463414 0.40062111801242234 0.3073170731707317 0.08695652173913043
2 0.5634146341463414 0.515527950310559 0.3073170731707317 0.08695652173913043
13 0.6658536585365854 0.5170807453416149 0.5317073170731708 0.10248447204968944
2 0.4024390243902439 0.062111801242236024 0.3170731707317073 0.08695652173913043
13 0.5 0.06366459627329192 0.6780487804878049 0.10248447204968944
5 0.2634146341463415 0.6319875776397516 0.4097560975609756 0.11490683229813664
2 0.5634146341463414 0.7531055900621118 0.3073170731707317 0.08385093167701864
13 0.6658536585365854 0.7546583850931677 0.5317073170731708 0.09937888198757763
2 0.5487804878048781 0.860248447204969 0.3073170731707317 0.08695652173913043
2 0.5463414634146342 0.17391304347826086 0.3024390243902439 0.08695652173913043
4 0.2975609756097561 0.2795031055900621 0.4682926829268293 0.11801242236024845