8 0.2823529411764706 0.5079787234042553 0.47058823529411764 0.0851063829787234
11 0.2803921568627451 0.05585106382978723 0.17647058823529413 0.07446808510638298
6 0.3803921568627451 0.05585106382978723 0.5019607843137255 0.09042553191489362
11 0.492156862745098 0.601063829787234 0.2784313725490196 0.07446808510638298
6 0.5803921568627451 0.6023936170212766 0.47843137254901963 0.08776595744680851
6 0.296078431372549 0.6941489361702128 0.49019607843137253 0.0851063829787234
11 0.5333333333333333 0.8736702127659575 0.43137254901960786 0.07180851063829788
6 0.6137254901960785 0.8736702127659575 0.7254901960784313 0.08776595744680851
6 0.5568627450980392 0.15558510638297873 0.611764705882353 0.08776595744680851
11 0.47843137254901963 0.15691489361702127 0.3215686274509804 0.07446808510638298
8 0.45098039215686275 0.24867021276595744 0.8 0.08776595744680851