13 0.7280564263322884 0.23359840954274355 0.4216300940438871 0.08548707753479125
13 0.2390282131661442 0.2345924453280318 0.28996865203761757 0.07554671968190854
13 0.26802507836990597 0.2345924453280318 0.41379310344827586 0.0874751491053678
13 0.6998432601880877 0.2345924453280318 0.2993730407523511 0.07554671968190854
13 0.7547021943573667 0.2345924453280318 0.18025078369905956 0.0636182902584493
13 0.2946708463949843 0.2355864811133201 0.16927899686520376 0.061630218687872766
0 0.19827586206896552 0.32007952286282304 0.35893416927899685 0.0636182902584493
3 0.14498432601880878 0.38469184890656066 0.24921630094043887 0.061630218687872766
0 0.10344827586206896 0.44831013916500995 0.13166144200626959 0.061630218687872766
1 0.07601880877742946 0.05964214711729622 0.14576802507836992 0.11530815109343936
0 0.18260188087774296 0.8031809145129225 0.35893416927899685 0.0636182902584493
0 0.06974921630094044 0.1481113320079523 0.13322884012539185 0.061630218687872766