8 0.30158730158730157 0.1709809264305177 0.5714285714285714 0.04223433242506812
11 0.3761904761904762 0.2622615803814714 0.346031746031746 0.03678474114441417
13 0.4444444444444444 0.26294277929155313 0.5841269841269842 0.04632152588555858
0 0.15396825396825398 0.36239782016348776 0.14285714285714285 0.043596730245231606
0 0.19365079365079366 0.4053133514986376 0.21587301587301588 0.04223433242506812
11 0.32222222222222224 0.4536784741144414 0.16825396825396827 0.03814713896457766
13 0.3873015873015873 0.4536784741144414 0.4 0.043596730245231606
13 0.5619047619047619 0.5088555858310627 0.4634920634920635 0.04495912806539509
11 0.4984126984126984 0.5095367847411444 0.22857142857142856 0.035422343324250684
0 0.30317460317460315 0.5606267029972752 0.30158730158730157 0.04495912806539509
3 0.4666666666666667 0.6049046321525886 0.6285714285714286 0.043596730245231606
11 0.5650793650793651 0.6559945504087193 0.22857142857142856 0.03678474114441417
13 0.6317460317460317 0.6559945504087193 0.4634920634920635 0.04495912806539509
8 0.44285714285714284 0.7077656675749319 0.43492063492063493 0.04223433242506812
8 0.2111111111111111 0.082425068119891 0.3904761904761905 0.04495912806539509
8 0.2571428571428571 0.8692098092643051 0.34285714285714286 0.043596730245231606
8 0.273015873015873 0.9134877384196185 0.3746031746031746 0.04223433242506812
0 0.08571428571428572 0.12670299727520437 0.13968253968253969 0.043596730245231606