13 0.6528545119705341 0.30268199233716475 0.5432780847145487 0.06130268199233716
11 0.2569060773480663 0.3783524904214559 0.13443830570902393 0.05172413793103448
13 0.49263351749539597 0.3783524904214559 0.8011049723756906 0.07088122605363985
13 0.2136279926335175 0.3793103448275862 0.23204419889502761 0.06130268199233716
13 0.6206261510128913 0.38026819923371646 0.5340699815837937 0.06321839080459771
4 0.09668508287292818 0.4559386973180077 0.17863720073664824 0.07279693486590039
5 0.0847145488029466 0.5306513409961686 0.15469613259668508 0.06896551724137931
1 0.15837937384898712 0.05459770114942529 0.3020257826887661 0.10919540229885058
13 0.6583793738489871 0.7461685823754789 0.5395948434622467 0.06321839080459771
4 0.09668508287292818 0.8199233716475096 0.17863720073664824 0.07279693486590039
5 0.08379373848987108 0.8917624521072797 0.15285451197053407 0.07088122605363985
0 0.2937384898710866 0.9597701149425287 0.572744014732965 0.06513409961685823
13 0.5395948434622467 0.15229885057471265 0.6261510128913443 0.07471264367816093
13 0.5791896869244936 0.15229885057471265 0.5359116022099447 0.06321839080459771