2 0.8033395176252319 0.3797909407665505 0.06307977736549165 0.0975609756097561
13 0.87569573283859 0.3797909407665505 0.21521335807050093 0.11149825783972125
13 0.21150278293135436 0.38153310104529614 0.18181818181818182 0.11498257839721254
2 0.25510204081632654 0.38153310104529614 0.08348794063079777 0.09407665505226481
13 0.3404452690166976 0.38153310104529614 0.44712430426716143 0.1289198606271777
2 0.3747680890538033 0.38153310104529614 0.07421150278293136 0.10104529616724739
13 0.42207792207792205 0.38153310104529614 0.62152133580705 0.14982578397212543
13 0.4461966604823748 0.38153310104529614 0.22448979591836735 0.11498257839721254
2 0.49536178107606677 0.38153310104529614 0.1150278293135436 0.09407665505226481
2 0.660482374768089 0.38153310104529614 0.137291280148423 0.09407665505226481
2 0.9211502782931354 0.38153310104529614 0.11317254174397032 0.09407665505226481
11 0.1567717996289425 0.38153310104529614 0.061224489795918366 0.09407665505226481
4 0.1150278293135436 0.5313588850174216 0.17810760667903525 0.1289198606271777
2 0.2541743970315399 0.6794425087108014 0.07421150278293136 0.0975609756097561
13 0.323747680890538 0.6794425087108014 0.22448979591836735 0.11149825783972125
13 0.3580705009276438 0.6794425087108014 0.4972170686456401 0.15331010452961671
2 0.37291280148423006 0.6794425087108014 0.1150278293135436 0.09059233449477352
13 0.2782931354359926 0.681184668989547 0.32653061224489793 0.13588850174216027
2 0.5333951762523191 0.6829268292682927 0.13543599257884972 0.0975609756097561
11 0.15120593692022263 0.6829268292682927 0.0575139146567718 0.0975609756097561
5 0.10296846011131726 0.8327526132404182 0.15398886827458255 0.1254355400696864
13 0.2541743970315399 0.08710801393728224 0.2523191094619666 0.11149825783972125
2 0.21521335807050093 0.08885017421602788 0.1150278293135436 0.09407665505226481
2 0.29962894248608535 0.22996515679442509 0.10575139146567718 0.0975609756097561