5 0.0825242718446602 0.2907523510971787 0.16116504854368932 0.054858934169279
4 0.11650485436893204 0.3981191222570533 0.18640776699029127 0.05642633228840126
2 0.24563106796116504 0.4561128526645768 0.06407766990291262 0.0438871473354232
2 0.1436893203883495 0.4561128526645768 0.06601941747572816 0.0438871473354232
1 0.49902912621359224 0.04780564263322884 0.9941747572815534 0.08934169278996865
2 0.2650485436893204 0.050156739811912224 0.06407766990291262 0.04075235109717868
2 0.3388349514563107 0.050156739811912224 0.06019417475728155 0.04075235109717868
2 0.5058252427184466 0.050156739811912224 0.06019417475728155 0.0438871473354232
2 0.9436893203883495 0.050156739811912224 0.062135922330097085 0.04075235109717868
2 0.670873786407767 0.050940438871473356 0.06407766990291262 0.04231974921630094
5 0.08349514563106795 0.5948275862068966 0.15922330097087378 0.05799373040752351
4 0.11650485436893204 0.8150470219435737 0.19029126213592232 0.05956112852664577
5 0.08155339805825243 0.9600313479623824 0.15922330097087378 0.05799373040752351