3 0.15719467956469166 0.21112696148359486 0.25634824667472794 0.04850213980028531
3 0.13119709794437726 0.024964336661911554 0.25755743651753327 0.047075606276747506
3 0.17049576783555018 0.30313837375178315 0.2587666263603386 0.0442225392296719
13 0.20435308343409916 0.3544935805991441 0.13301088270858524 0.0442225392296719
11 0.22974607013301088 0.3544935805991441 0.0773881499395405 0.03851640513552068
13 0.7926239419588875 0.46504992867332384 0.16807738814993953 0.0456490727532097
13 0.8168077388149939 0.46504992867332384 0.2599758162031439 0.05420827389443652
3 0.5259975816203144 0.4664764621968616 0.9455864570737605 0.07703281027104136
11 0.16505441354292624 0.5299572039942939 0.07859733978234583 0.03851640513552068
13 0.18802902055622733 0.5306704707560628 0.16807738814993953 0.04850213980028531
3 0.14389359129383314 0.11840228245363767 0.25634824667472794 0.0456490727532097