11 0.211 0.17064606741573032 0.062 0.037921348314606744
13 0.385 0.17064606741573032 0.634 0.054775280898876406
13 0.413 0.31390449438202245 0.642 0.054775280898876406
11 0.231 0.3146067415730337 0.062 0.03932584269662921
11 0.397 0.3714887640449438 0.066 0.037921348314606744
11 0.388 0.4241573033707865 0.064 0.03932584269662921
1 0.138 0.04564606741573034 0.264 0.0800561797752809
13 0.657 0.4845505617977528 0.646 0.06179775280898876
11 0.447 0.48525280898876405 0.066 0.037921348314606744
13 0.603 0.48525280898876405 0.526 0.054775280898876406
5 0.132 0.5463483146067416 0.164 0.05337078651685393
11 0.254 0.6327247191011236 0.064 0.037921348314606744
13 0.479 0.6327247191011236 0.73 0.054775280898876406
11 0.364 0.6896067415730337 0.092 0.03932584269662921
11 0.557 0.7429775280898876 0.146 0.03932584269662921
11 0.363 0.8258426966292135 0.094 0.03932584269662921
11 0.557 0.8792134831460674 0.146 0.03932584269662921