13 0.24254742547425473 0.330945558739255 0.2140921409214092 0.09455587392550144
2 0.453929539295393 0.332378223495702 0.08943089430894309 0.08022922636103152
13 0.5094850948509485 0.332378223495702 0.21680216802168023 0.09169054441260745
2 0.18834688346883469 0.332378223495702 0.08943089430894309 0.08022922636103152
4 0.14227642276422764 0.43982808022922637 0.26287262872628725 0.10601719197707736
1 0.5 0.08739255014326648 0.978319783197832 0.16332378223495703
2 0.36720867208672087 0.09169054441260745 0.08401084010840108 0.07449856733524356
2 0.7195121951219512 0.09312320916905444 0.14905149051490515 0.07736389684813753
2 0.8848238482384824 0.09312320916905444 0.14905149051490515 0.07163323782234957
5 0.12330623306233063 0.9212034383954155 0.22493224932249323 0.10601719197707736
2 0.46883468834688347 0.09455587392550144 0.08672086720867209 0.07449856733524356
2 0.5772357723577236 0.09455587392550144 0.0975609756097561 0.07449856733524356