13 0.4117647058823529 0.1299615877080666 0.5647058823529412 0.04225352112676056
11 0.3333333333333333 0.1299615877080666 0.26666666666666666 0.034571062740076826
13 0.4117647058823529 0.25480153649167736 0.5647058823529412 0.04353393085787452
11 0.3333333333333333 0.25480153649167736 0.26666666666666666 0.03585147247119078
7 0.3 0.02880921895006402 0.5843137254901961 0.05505761843790013
13 0.4117647058823529 0.37964148527528807 0.5647058823529412 0.04225352112676056
11 0.3333333333333333 0.37964148527528807 0.27450980392156865 0.034571062740076826
4 0.23921568627450981 0.558258642765685 0.3764705882352941 0.046094750320102434
5 0.21176470588235294 0.649167733674776 0.32941176470588235 0.046094750320102434
4 0.2372549019607843 0.8489116517285531 0.3803921568627451 0.046094750320102434
5 0.21176470588235294 0.940460947503201 0.3215686274509804 0.04737516005121639