8 0.24199288256227758 0.156158357771261 0.4626334519572954 0.045454545454545456
11 0.6370106761565836 0.20821114369501467 0.3274021352313167 0.04105571847507331
13 0.7206405693950177 0.2089442815249267 0.5160142348754448 0.04838709677419355
11 0.2526690391459075 0.26466275659824046 0.1423487544483986 0.039589442815249266
13 0.3238434163701068 0.26466275659824046 0.4128113879003559 0.04838709677419355
10 0.45195729537366547 0.3159824046920821 0.8185053380782918 0.04838709677419355
13 0.3612099644128114 0.39882697947214074 0.4092526690391459 0.04985337243401759
11 0.2918149466192171 0.39882697947214074 0.1423487544483986 0.04105571847507331
1 0.2117437722419929 0.04398826979472141 0.4092526690391459 0.08211143695014662
10 0.49644128113879005 0.4508797653958944 0.8291814946619217 0.04838709677419355
13 0.400355871886121 0.532991202346041 0.4092526690391459 0.04838709677419355
11 0.3274021352313167 0.533724340175953 0.1423487544483986 0.04105571847507331
10 0.505338078291815 0.5850439882697948 0.7686832740213523 0.0469208211143695
10 0.5480427046263345 0.6634897360703812 0.8469750889679716 0.04838709677419355
11 0.3665480427046263 0.9134897360703812 0.2277580071174377 0.04105571847507331
13 0.5604982206405694 0.9134897360703812 0.7366548042704626 0.04985337243401759
11 0.7046263345195729 0.9134897360703812 0.3274021352313167 0.04105571847507331
0 0.08540925266903915 0.9648093841642229 0.15658362989323843 0.0469208211143695