11 0.28406169665809766 0.18276762402088773 0.20308483290488433 0.03655352480417755
13 0.33676092544987146 0.18276762402088773 0.39588688946015427 0.044386422976501305
12 0.25578406169665807 0.030678851174934726 0.506426735218509 0.05613577023498695
6 0.3508997429305913 0.35509138381201044 0.4755784061696658 0.04177545691906005
10 0.3740359897172236 0.4680156657963446 0.5732647814910026 0.04308093994778068
6 0.2609254498714653 0.5104438642297651 0.34704370179948585 0.04177545691906005
11 0.2262210796915167 0.6377284595300261 0.08740359897172237 0.03524804177545692
11 0.2455012853470437 0.7650130548302873 0.12596401028277635 0.033942558746736295
11 0.26735218508997427 0.891644908616188 0.16966580976863754 0.03655352480417755
11 0.28406169665809766 0.12989556135770236 0.23393316195372751 0.03524804177545692
13 0.3380462724935733 0.12989556135770236 0.4190231362467866 0.04308093994778068
11 0.7082262210796915 0.12989556135770236 0.08997429305912596 0.03524804177545692
13 0.7622107969151671 0.12989556135770236 0.2750642673521851 0.04308093994778068