13 0.4818181818181818 0.21778711484593838 0.6145454545454545 0.05182072829131653
13 0.5745454545454546 0.21778711484593838 0.41454545454545455 0.046218487394957986
11 0.4581818181818182 0.2184873949579832 0.16 0.0392156862745098
2 0.7127272727272728 0.2184873949579832 0.12363636363636364 0.0392156862745098
13 0.48545454545454547 0.2822128851540616 0.6363636363636364 0.05182072829131653
13 0.6381818181818182 0.2822128851540616 0.3090909090909091 0.04341736694677871
2 0.7218181818181818 0.2822128851540616 0.12 0.037815126050420166
13 0.5654545454545454 0.28291316526610644 0.8181818181818182 0.06162464985994398
4 0.22181818181818183 0.38865546218487396 0.3490909090909091 0.05182072829131653
1 0.26 0.04131652661064426 0.5054545454545455 0.07983193277310924
2 0.41454545454545455 0.04411764705882353 0.10909090909090909 0.0350140056022409
5 0.19636363636363635 0.48599439775910364 0.29818181818181816 0.05042016806722689
2 0.35818181818181816 0.5357142857142857 0.12 0.037815126050420166
13 0.5763636363636364 0.6190476190476191 0.4109090909090909 0.04481792717086835
2 0.7127272727272728 0.6190476190476191 0.12363636363636364 0.0392156862745098
11 0.4581818181818182 0.6197478991596639 0.16 0.037815126050420166
13 0.4818181818181818 0.6197478991596639 0.6145454545454545 0.05182072829131653
13 0.48545454545454547 0.6834733893557423 0.6363636363636364 0.05322128851540616
13 0.5636363636363636 0.6834733893557423 0.8145454545454546 0.06162464985994398
13 0.6381818181818182 0.6834733893557423 0.3090909090909091 0.04481792717086835
2 0.7218181818181818 0.6834733893557423 0.12 0.0392156862745098
4 0.22363636363636363 0.7892156862745098 0.3527272727272727 0.05182072829131653
5 0.19636363636363635 0.8872549019607843 0.29818181818181816 0.05182072829131653
2 0.35818181818181816 0.9369747899159664 0.12 0.0392156862745098
13 0.6563636363636364 0.10854341736694678 0.4036363636363636 0.037815126050420166