2 0.17655571635311143 0.2128623188405797 0.049204052098408106 0.04891304347826087
2 0.2988422575976845 0.2128623188405797 0.04775687409551375 0.05253623188405797
13 0.3350217076700434 0.213768115942029 0.16931982633863965 0.057971014492753624
2 0.3712011577424023 0.213768115942029 0.04775687409551375 0.050724637681159424
2 0.1049204052098408 0.213768115942029 0.04775687409551375 0.050724637681159424
13 0.14037626628075253 0.213768115942029 0.1678726483357453 0.06159420289855073
13 0.16063675832127353 0.2871376811594203 0.15340086830680175 0.059782608695652176
11 0.19536903039073805 0.2871376811594203 0.07525325615050651 0.04891304347826087
2 0.2930535455861071 0.2871376811594203 0.04775687409551375 0.05253623188405797
13 0.34081041968162085 0.2871376811594203 0.15195369030390737 0.059782608695652176
2 0.11360347322720694 0.2871376811594203 0.04775687409551375 0.05253623188405797
11 0.3748191027496382 0.28804347826086957 0.07814761215629522 0.050724637681159424
4 0.08755426917510854 0.3532608695652174 0.14037626628075253 0.06521739130434782
11 0.3748191027496382 0.4230072463768116 0.07525325615050651 0.04891304347826087
11 0.19536903039073805 0.42391304347826086 0.07525325615050651 0.050724637681159424
2 0.29232995658465993 0.42391304347826086 0.049204052098408106 0.050724637681159424
2 0.11360347322720694 0.42391304347826086 0.04775687409551375 0.050724637681159424
13 0.16063675832127353 0.42481884057971014 0.15340086830680175 0.059782608695652176
13 0.341534008683068 0.4257246376811594 0.15340086830680175 0.06159420289855073
1 0.16859623733719248 0.05253623188405797 0.3314037626628075 0.10507246376811594
2 0.18668596237337193 0.057971014492753624 0.049204052098408106 0.04710144927536232
2 0.24240231548480462 0.057971014492753624 0.04775687409551375 0.04710144927536232
2 0.2959479015918958 0.057971014492753624 0.04486251808972504 0.04710144927536232
2 0.1316931982633864 0.058876811594202896 0.049204052098408106 0.04891304347826087
13 0.22648335745296672 0.5996376811594203 0.2995658465991317 0.07971014492753623
13 0.25470332850940663 0.5996376811594203 0.23444283646888567 0.06884057971014493
13 0.30463096960926195 0.5996376811594203 0.12301013024602026 0.057971014492753624
2 0.2727930535455861 0.6005434782608695 0.04775687409551375 0.05253623188405797
2 0.3393632416787265 0.6014492753623188 0.04775687409551375 0.050724637681159424
13 0.19247467438494936 0.697463768115942 0.17655571635311143 0.057971014492753624
11 0.22865412445730826 0.697463768115942 0.0955137481910275 0.050724637681159424
11 0.3379160636758321 0.697463768115942 0.07670043415340087 0.050724637681159424
2 0.4399421128798842 0.697463768115942 0.049204052098408106 0.050724637681159424
13 0.6280752532561505 0.697463768115942 0.27496382054992763 0.06521739130434782
2 0.6657018813314037 0.697463768115942 0.049204052098408106 0.050724637681159424
13 0.6989869753979739 0.697463768115942 0.5817655571635311 0.09782608695652174
2 0.7329956584659914 0.697463768115942 0.04775687409551375 0.050724637681159424
11 0.8335745296671491 0.697463768115942 0.0955137481910275 0.050724637681159424
11 0.9479015918958031 0.697463768115942 0.07525325615050651 0.050724637681159424
2 0.5231548480463097 0.6983695652173914 0.04775687409551375 0.05253623188405797
13 0.5564399421128798 0.6983695652173914 0.12301013024602026 0.059782608695652176
2 0.58972503617945 0.6983695652173914 0.05065123010130246 0.05253623188405797
13 0.6512301013024602 0.6983695652173914 0.47756874095513746 0.08876811594202899
13 0.6852387843704776 0.6983695652173914 0.3979739507959479 0.07789855072463768
13 0.6982633863965267 0.6983695652173914 0.12301013024602026 0.05615942028985507
2 0.13241678726483358 0.6983695652173914 0.04486251808972504 0.04891304347826087
13 0.2402315484804631 0.6992753623188406 0.28075253256150506 0.06884057971014493
4 0.10347322720694646 0.7853260869565217 0.13748191027496381 0.06702898550724638
13 0.5636758321273516 0.8632246376811594 0.12301013024602026 0.059782608695652176
13 0.3668596237337192 0.8641304347826086 0.23299565846599132 0.06884057971014493
2 0.3835021707670043 0.8641304347826086 0.04630969609261939 0.050724637681159424
13 0.4370477568740955 0.8641304347826086 0.3849493487698987 0.07971014492753623
2 0.4507959479015919 0.8641304347826086 0.04775687409551375 0.050724637681159424
2 0.5303907380607815 0.8641304347826086 0.04775687409551375 0.050724637681159424
2 0.597684515195369 0.8641304347826086 0.04630969609261939 0.050724637681159424
13 0.41678726483357453 0.865036231884058 0.12445730824891461 0.059782608695652176
5 0.06295224312590449 0.13949275362318841 0.12011577424023155 0.06884057971014493