11 0.2817955112219451 0.23029772329246936 0.12967581047381546 0.047285464098073555
11 0.7144638403990025 0.23117338003502627 0.13216957605985039 0.04903677758318739
13 0.36783042394014964 0.23204903677758318 0.38154613466334164 0.05779334500875657
13 0.7805486284289277 0.23204903677758318 0.33915211970074816 0.05779334500875657
13 0.2830423940149626 0.35814360770577935 0.341645885286783 0.05779334500875657
11 0.21820448877805487 0.35901926444833626 0.13216957605985039 0.04903677758318739
8 0.2344139650872818 0.4194395796847636 0.3491271820448878 0.0542907180385289
12 0.2967581047381546 0.04203152364273205 0.5885286783042394 0.07705779334500876
13 0.32917705735660846 0.5761821366024519 0.38403990024937656 0.0595446584938704
11 0.243142144638404 0.5761821366024519 0.13216957605985039 0.04903677758318739
8 0.2817955112219451 0.637478108581436 0.38902743142144636 0.05604203152364273