0 0.2963917525773196 0.18201438848920864 0.4690721649484536 0.04460431654676259
0 0.27319587628865977 0.22805755395683452 0.422680412371134 0.04748201438848921
0 0.2757731958762887 0.2755395683453237 0.42783505154639173 0.04460431654676259
2 0.36855670103092786 0.030215827338129497 0.22164948453608246 0.04028776978417266
13 0.4742268041237113 0.03093525179856115 0.6082474226804123 0.04748201438848921
0 0.26804123711340205 0.32158273381294966 0.41237113402061853 0.04460431654676259
5 0.2757731958762887 0.3712230215827338 0.42783505154639173 0.051798561151079135
13 0.5283505154639175 0.50431654676259 0.6030927835051546 0.04748201438848921
2 0.422680412371134 0.5050359712230216 0.21649484536082475 0.04028776978417266
0 0.30927835051546393 0.6086330935251798 0.38144329896907214 0.0460431654676259
0 0.327319587628866 0.6553956834532374 0.4175257731958763 0.04748201438848921
0 0.3865979381443299 0.702158273381295 0.5360824742268041 0.0460431654676259
0 0.3247422680412371 0.7489208633093525 0.41237113402061853 0.04460431654676259
5 0.3324742268041237 0.7992805755395683 0.42783505154639173 0.053237410071942444
0 0.25257731958762886 0.13525179856115108 0.38144329896907214 0.0460431654676259