2 0.581081081081081 0.3140655105973025 0.05105105105105105 0.05394990366088632
13 0.5885885885885885 0.3140655105973025 0.7987987987987988 0.10404624277456648
13 0.6884384384384384 0.3140655105973025 0.5900900900900901 0.09248554913294797
2 0.9504504504504504 0.3140655105973025 0.04804804804804805 0.05394990366088632
13 0.2822822822822823 0.315028901734104 0.17417417417417416 0.055876685934489405
13 0.509009009009009 0.315028901734104 0.2132132132132132 0.07129094412331406
13 0.5525525525525525 0.315028901734104 0.11711711711711711 0.06358381502890173
13 0.6186186186186187 0.315028901734104 0.44144144144144143 0.08285163776493257
13 0.7372372372372372 0.315028901734104 0.19519519519519518 0.07514450867052024
2 0.8025525525525525 0.315028901734104 0.04954954954954955 0.05202312138728324
13 0.9211711711711712 0.315028901734104 0.11561561561561562 0.06358381502890173
13 0.774024024024024 0.3159922928709056 0.11561561561561562 0.06165703275529865
4 0.07657657657657657 0.5433526011560693 0.14714714714714713 0.06936416184971098
1 0.16674174174174175 0.055876685934489405 0.3258258258258258 0.11175337186897881
2 0.23123123123123124 0.05876685934489403 0.04804804804804805 0.05202312138728324
2 0.17417417417417416 0.05973025048169557 0.04804804804804805 0.05009633911368015
2 0.2882882882882883 0.06069364161849711 0.04504504504504504 0.04816955684007707
5 0.06681681681681682 0.6791907514450867 0.12462462462462462 0.0674373795761079
4 0.07657657657657657 0.8140655105973025 0.14414414414414414 0.0674373795761079
5 0.06681681681681682 0.9508670520231214 0.12462462462462462 0.07129094412331406
5 0.06681681681681682 0.14836223506743737 0.12462462462462462 0.07321772639691715