10 0.2564814814814815 0.30655226209048364 0.4648148148148148 0.0483619344773791
13 0.3398148148148148 0.3081123244929797 0.2759259259259259 0.0421216848673947
15 0.11388888888888889 0.036661466458658344 0.22037037037037038 0.06708268330733229
13 0.5638888888888889 0.3783151326053042 0.8462962962962963 0.08580343213728549
13 0.6277777777777778 0.3783151326053042 0.6185185185185185 0.07644305772230889
13 0.6333333333333333 0.3783151326053042 0.25925925925925924 0.0514820592823713
13 0.6722222222222223 0.3783151326053042 0.34814814814814815 0.060842433697347896
13 0.3925925925925926 0.3790951638065523 0.14074074074074075 0.0436817472698908
11 0.5944444444444444 0.3790951638065523 0.17407407407407408 0.0436817472698908
13 0.7129629629629629 0.3790951638065523 0.44074074074074077 0.0686427457098284
11 0.3398148148148148 0.4547581903276131 0.17222222222222222 0.0421216848673947
13 0.30185185185185187 0.45553822152886114 0.25925925925925924 0.0499219968798752
14 0.16018518518518518 0.5421216848673946 0.2722222222222222 0.0514820592823713
13 0.2759259259259259 0.5975039001560063 0.2740740740740741 0.0530421216848674
13 0.30185185185185187 0.65600624024961 0.25925925925925924 0.0483619344773791
11 0.34074074074074073 0.656786271450858 0.17407407407407408 0.0436817472698908
13 0.21296296296296297 0.10062402496099844 0.3037037037037037 0.0514820592823713
11 0.17592592592592593 0.10062402496099844 0.16666666666666666 0.0421216848673947