13 0.23806532663316582 0.27303370786516856 0.13190954773869346 0.060674157303370786
4 0.07788944723618091 0.5157303370786517 0.12060301507537688 0.08314606741573034
1 0.0728643216080402 0.06853932584269663 0.13819095477386933 0.12808988764044943
5 0.06972361809045226 0.6741573033707865 0.10427135678391959 0.08089887640449438
13 0.19095477386934673 0.7640449438202247 0.18090452261306533 0.07191011235955057
11 0.16520100502512564 0.7651685393258427 0.08919597989949749 0.060674157303370786
11 0.9459798994974874 0.849438202247191 0.08793969849246232 0.058426966292134834
0 0.5131909547738693 0.8505617977528089 0.9660804020100503 0.07865168539325842
11 0.1771356783919598 0.18202247191011237 0.1407035175879397 0.06292134831460675
13 0.23241206030150754 0.18202247191011237 0.2889447236180904 0.07191011235955057
11 0.31155778894472363 0.18202247191011237 0.08793969849246232 0.06292134831460675