13 0.5 0.29545454545454547 0.6796116504854369 0.06439393939393939
2 0.4029126213592233 0.29640151515151514 0.3106796116504854 0.05113636363636364
13 0.6650485436893204 0.3664772727272727 0.5339805825242718 0.0625
2 0.5631067961165048 0.36742424242424243 0.3106796116504854 0.05303030303030303
13 0.5024271844660194 0.03977272727272727 0.6747572815533981 0.06439393939393939
2 0.40048543689320387 0.03977272727272727 0.3155339805825243 0.05303030303030303
4 0.2961165048543689 0.4393939393939394 0.46601941747572817 0.06818181818181818
2 0.5606796116504854 0.5113636363636364 0.3058252427184466 0.05303030303030303
13 0.6796116504854369 0.5113636363636364 0.5631067961165048 0.06060606060606061
5 0.2645631067961165 0.5823863636363636 0.4029126213592233 0.07007575757575757
13 0.4975728155339806 0.6941287878787878 0.6747572815533981 0.0625
2 0.40048543689320387 0.6950757575757576 0.3155339805825243 0.05303030303030303
4 0.2961165048543689 0.7651515151515151 0.46601941747572817 0.07196969696969698
2 0.5606796116504854 0.8380681818181818 0.3058252427184466 0.05113636363636364
13 0.6771844660194175 0.8380681818181818 0.5776699029126213 0.0625
5 0.2645631067961165 0.9100378787878788 0.4029126213592233 0.07007575757575757
4 0.2961165048543689 0.11079545454545454 0.46601941747572817 0.07007575757575757
5 0.2645631067961165 0.18371212121212122 0.4029126213592233 0.07196969696969698