11 0.44025157232704404 0.2730210016155089 0.2830188679245283 0.045234248788368334
13 0.5644654088050315 0.2730210016155089 0.6320754716981132 0.05492730210016155
13 0.3443396226415094 0.3384491114701131 0.33647798742138363 0.05331179321486268
11 0.2783018867924528 0.3392568659127625 0.10377358490566038 0.045234248788368334
15 0.19339622641509435 0.03715670436187399 0.3742138364779874 0.07108239095315025
8 0.3490566037735849 0.5 0.48427672955974843 0.05331179321486268
13 0.40408805031446543 0.6825525040387722 0.33647798742138363 0.05331179321486268
13 0.46226415094339623 0.6833602584814217 0.5786163522012578 0.061389337641357025
11 0.4638364779874214 0.6833602584814217 0.19811320754716982 0.0420032310177706
8 0.2971698113207547 0.7439418416801292 0.3742138364779874 0.05331179321486268
13 0.5550314465408805 0.9095315024232633 0.7704402515723271 0.06462035541195477
13 0.4858490566037736 0.9103392568659128 0.5125786163522013 0.05331179321486268
11 0.6069182389937107 0.9103392568659128 0.25157232704402516 0.04361873990306947
11 0.21069182389937108 0.10258481421647819 0.10062893081761007 0.04361873990306947
13 0.2751572327044025 0.10339256865912763 0.33647798742138363 0.05492730210016155