2 0.23784355179704017 0.44190140845070425 0.1331923890063425 0.10211267605633803
13 0.41226215644820297 0.573943661971831 0.23255813953488372 0.11267605633802817
13 0.3287526427061311 0.5757042253521126 0.41226215644820297 0.13028169014084506
2 0.3678646934460888 0.5757042253521126 0.13107822410147993 0.10211267605633803
13 0.7780126849894292 0.5757042253521126 0.41014799154334036 0.13028169014084506
2 0.8181818181818182 0.5757042253521126 0.13107822410147993 0.09507042253521127
13 0.8625792811839323 0.5757042253521126 0.23255813953488372 0.11619718309859155
2 0.1744186046511628 0.07042253521126761 0.13742071881606766 0.09859154929577464
13 0.2167019027484144 0.0721830985915493 0.2938689217758985 0.11619718309859155
2 0.23784355179704017 0.7095070422535211 0.1331923890063425 0.10211267605633803
5 0.11416490486257928 0.8345070422535211 0.17758985200845667 0.13380281690140844
2 0.23784355179704017 0.19718309859154928 0.1331923890063425 0.09859154929577464
4 0.12790697674418605 0.3204225352112676 0.20507399577167018 0.13380281690140844