13 0.20510204081632652 0.28685612788632325 0.08979591836734693 0.055062166962699825
13 0.21020408163265306 0.28685612788632325 0.2693877551020408 0.08703374777975133
13 0.22755102040816327 0.28685612788632325 0.14081632653061224 0.06571936056838366
13 0.2479591836734694 0.28685612788632325 0.18775510204081633 0.0763765541740675
13 0.3295918367346939 0.28685612788632325 0.5183673469387755 0.10479573712255773
13 0.35153061224489796 0.28685612788632325 0.5683673469387756 0.11545293072824156
11 0.44285714285714284 0.28685612788632325 0.16122448979591836 0.05150976909413854
13 0.7346938775510204 0.28685612788632325 0.14081632653061224 0.06571936056838366
13 0.29897959183673467 0.2877442273534636 0.4530612244897959 0.09591474245115453
13 0.7122448979591837 0.2877442273534636 0.08979591836734693 0.056838365896980464
13 0.7642857142857142 0.2877442273534636 0.20612244897959184 0.07815275310834814
13 0.7862244897959184 0.2877442273534636 0.2540816326530612 0.08880994671403197
13 0.8071428571428572 0.2877442273534636 0.3020408163265306 0.09591474245115453
0 0.498469387755102 0.2895204262877442 0.9928571428571429 0.12433392539964476
13 0.12448979591836734 0.3836589698046181 0.17755102040816326 0.06039076376554174
11 0.07755102040816327 0.3836589698046181 0.05102040816326531 0.0497335701598579
5 0.05663265306122449 0.4511545293072824 0.08469387755102041 0.07104795737122557
1 0.0760204081632653 0.06039076376554174 0.14591836734693878 0.10301953818827708
11 0.30714285714285716 0.6571936056838366 0.07551020408163266 0.0497335701598579
4 0.06326530612244897 0.7850799289520426 0.1 0.06394316163410302
5 0.05663265306122449 0.9120781527531083 0.08469387755102041 0.06927175843694494
0 0.38316326530612244 0.16639431616341033 0.7602040816326531 0.11367673179396093
13 0.22448979591836735 0.1669626998223801 0.14081632653061224 0.0674955595026643
13 0.24489795918367346 0.1669626998223801 0.18775510204081633 0.07815275310834814
13 0.2602040816326531 0.1669626998223801 0.38571428571428573 0.10657193605683836
13 0.576530612244898 0.1669626998223801 0.20408163265306123 0.07460035523978685
13 0.20255102040816325 0.16785079928952043 0.09081632653061225 0.0586145648312611
13 0.20816326530612245 0.16785079928952043 0.2693877551020408 0.08703374777975133
13 0.23775510204081632 0.16785079928952043 0.3346938775510204 0.09769094138543517
13 0.5260204081632653 0.16785079928952043 0.09081632653061225 0.0586145648312611
13 0.5556122448979591 0.16785079928952043 0.15612244897959185 0.06927175843694494
13 0.5979591836734693 0.16785079928952043 0.2510204081632653 0.08703374777975133