10 0.13253968253968254 0.2195290858725762 0.2619047619047619 0.045706371191135735
13 0.16984126984126985 0.3123268698060942 0.2 0.045706371191135735
11 0.13015873015873017 0.3137119113573407 0.06666666666666667 0.04016620498614958
10 0.16666666666666666 0.3621883656509695 0.2634920634920635 0.045706371191135735
11 0.38571428571428573 0.4549861495844875 0.15873015873015872 0.037396121883656507
13 0.29285714285714287 0.45637119113573404 0.353968253968254 0.04847645429362881
3 0.3111111111111111 0.5076177285318559 0.5492063492063493 0.05124653739612189
13 0.8444444444444444 0.567174515235457 0.2761904761904762 0.04847645429362881
11 0.8111111111111111 0.5678670360110804 0.15873015873015872 0.038781163434903045
13 0.3277777777777778 0.6717451523545707 0.353968253968254 0.04709141274238227
11 0.41984126984126985 0.6731301939058172 0.16031746031746033 0.038781163434903045
8 0.16825396825396827 0.840027700831025 0.2222222222222222 0.045706371191135735