2 0.39204545454545453 0.5668202764976958 0.125 0.12903225806451613
13 0.5378787878787878 0.5668202764976958 0.4318181818181818 0.15668202764976957
13 0.6136363636363636 0.5668202764976958 0.6136363636363636 0.17511520737327188
2 0.3939393939393939 0.7649769585253456 0.12878787878787878 0.12903225806451613
13 0.5359848484848485 0.7649769585253456 0.4356060606060606 0.15668202764976957
13 0.6117424242424242 0.7649769585253456 0.6098484848484849 0.17511520737327188
1 0.4431818181818182 0.1382488479262673 0.8787878787878788 0.2672811059907834
2 0.5814393939393939 0.14285714285714285 0.11742424242424243 0.11981566820276497
2 0.7803030303030303 0.14516129032258066 0.12121212121212122 0.12442396313364056
13 0.6098484848484849 0.3663594470046083 0.7196969696969697 0.17972350230414746
13 0.5227272727272727 0.3686635944700461 0.4015151515151515 0.14746543778801843
2 0.8484848484848485 0.3686635944700461 0.12878787878787878 0.12903225806451613