11 0.3336267605633803 0.2526690391459075 0.05457746478873239 0.046263345195729534
11 0.4876760563380282 0.3300711743772242 0.056338028169014086 0.04804270462633452
13 0.670774647887324 0.3300711743772242 0.5598591549295775 0.07651245551601424
13 0.6329225352112676 0.3309608540925267 0.4735915492957746 0.06761565836298933
13 0.3274647887323944 0.41192170818505336 0.4894366197183099 0.0693950177935943
11 0.20598591549295775 0.4128113879003559 0.056338028169014086 0.0498220640569395
1 0.12411971830985916 0.05338078291814947 0.23415492957746478 0.099644128113879
11 0.5290492957746479 0.5658362989323843 0.09683098591549295 0.0498220640569395
13 0.6839788732394366 0.5658362989323843 0.5897887323943662 0.08540925266903915
11 0.6910211267605634 0.5658362989323843 0.05457746478873239 0.0498220640569395
13 0.7253521126760564 0.5658362989323843 0.4964788732394366 0.06761565836298933
13 0.7227112676056338 0.5667259786476868 0.5017605633802817 0.07651245551601424
13 0.5880281690140845 0.6610320284697508 0.5035211267605634 0.07651245551601424
11 0.39524647887323944 0.6619217081850534 0.09683098591549295 0.0498220640569395
13 0.5501760563380281 0.6619217081850534 0.5897887323943662 0.08896797153024912
13 0.5528169014084507 0.6619217081850534 0.4225352112676056 0.06761565836298933
11 0.5563380281690141 0.6619217081850534 0.056338028169014086 0.046263345195729534
4 0.1311619718309859 0.7437722419928826 0.17077464788732394 0.06405693950177936
5 0.11883802816901408 0.8113879003558719 0.14612676056338028 0.06761565836298933