2 0.5487804878048781 0.17801418439716313 0.3073170731707317 0.03829787234042553
13 0.6658536585365854 0.2276595744680851 0.5317073170731708 0.04680851063829787
2 0.5634146341463414 0.22836879432624113 0.3073170731707317 0.03971631205673759
5 0.2634146341463415 0.28085106382978725 0.4097560975609756 0.05106382978723404
2 0.4 0.028368794326241134 0.3121951219512195 0.03971631205673759
13 0.5024390243902439 0.029078014184397163 0.6731707317073171 0.04680851063829787
2 0.5634146341463414 0.3354609929078014 0.3073170731707317 0.04113475177304964
13 0.6804878048780488 0.3354609929078014 0.5609756097560976 0.04680851063829787
4 0.2951219512195122 0.3893617021276596 0.47317073170731705 0.0524822695035461
2 0.5487804878048781 0.43829787234042555 0.3073170731707317 0.03971631205673759
5 0.26097560975609757 0.48723404255319147 0.40487804878048783 0.0524822695035461
2 0.5634146341463414 0.5418439716312057 0.3073170731707317 0.03971631205673759
13 0.6707317073170732 0.5425531914893617 0.551219512195122 0.04680851063829787
2 0.5609756097560976 0.5957446808510638 0.3121951219512195 0.03971631205673759
13 0.6634146341463415 0.5964539007092199 0.5365853658536586 0.04680851063829787
2 0.4024390243902439 0.6794326241134752 0.3170731707317073 0.03971631205673759
13 0.5 0.6801418439716312 0.6780487804878049 0.04680851063829787
4 0.2951219512195122 0.7333333333333333 0.47317073170731705 0.05390070921985816
2 0.5487804878048781 0.7829787234042553 0.3073170731707317 0.03971631205673759
4 0.2951219512195122 0.08156028368794327 0.47317073170731705 0.0524822695035461
2 0.5487804878048781 0.8297872340425532 0.3073170731707317 0.03971631205673759
13 0.6634146341463415 0.8787234042553191 0.5365853658536586 0.04680851063829787
2 0.5609756097560976 0.8794326241134752 0.3024390243902439 0.03971631205673759
5 0.26097560975609757 0.9333333333333333 0.40487804878048783 0.05390070921985816
2 0.5487804878048781 0.13191489361702127 0.3073170731707317 0.03971631205673759