11 0.36018957345971564 0.33669354838709675 0.10900473933649289 0.056451612903225805
13 0.41232227488151657 0.3377016129032258 0.22274881516587677 0.06653225806451613
3 0.514218009478673 0.45564516129032256 0.966824644549763 0.07661290322580645
7 0.1670616113744076 0.04838709677419355 0.3246445497630332 0.08870967741935484
11 0.35308056872037913 0.592741935483871 0.10900473933649289 0.056451612903225805
11 0.2334123222748815 0.7016129032258065 0.07819905213270142 0.056451612903225805
11 0.2334123222748815 0.7671370967741935 0.07819905213270142 0.05846774193548387
13 0.33293838862559244 0.8377016129032258 0.1966824644549763 0.06653225806451613
11 0.28080568720379145 0.8387096774193549 0.08293838862559241 0.056451612903225805
11 0.2796208530805687 0.9133064516129032 0.08056872037914692 0.056451612903225805
13 0.33293838862559244 0.9133064516129032 0.1966824644549763 0.06854838709677419
3 0.5035545023696683 0.19556451612903225 0.9502369668246445 0.07661290322580645