11 0.270979020979021 0.22032193158953722 0.19230769230769232 0.05835010060362173
13 0.34440559440559443 0.22032193158953722 0.44405594405594406 0.06639839034205232
13 0.6905594405594405 0.29074446680080485 0.5769230769230769 0.05432595573440644
11 0.270979020979021 0.4044265593561368 0.1853146853146853 0.056338028169014086
13 0.3409090909090909 0.4044265593561368 0.45104895104895104 0.06841046277665996
11 0.270979020979021 0.5895372233400402 0.19230769230769232 0.056338028169014086
13 0.34265734265734266 0.5895372233400402 0.44755244755244755 0.06438631790744467
1 0.16258741258741258 0.0613682092555332 0.3111888111888112 0.11871227364185111
13 0.4965034965034965 0.6609657947686117 0.5734265734265734 0.05432595573440644
11 0.270979020979021 0.7736418511066399 0.19230769230769232 0.05835010060362173
13 0.34440559440559443 0.7736418511066399 0.45104895104895104 0.06639839034205232
13 0.4965034965034965 0.8450704225352113 0.5804195804195804 0.052313883299798795
14 0.263986013986014 0.9527162977867203 0.513986013986014 0.06639839034205232
13 0.6783216783216783 0.1488933601609658 0.5244755244755245 0.056338028169014086