5 0.2634146341463415 0.20928338762214985 0.4 0.06026058631921824
2 0.5634146341463414 0.2711726384364821 0.3073170731707317 0.043973941368078175
13 0.6634146341463415 0.2711726384364821 0.5365853658536586 0.05374592833876222
13 0.5024390243902439 0.033387622149837134 0.6829268292682927 0.05374592833876222
4 0.2951219512195122 0.3322475570032573 0.47317073170731705 0.05863192182410423
2 0.4024390243902439 0.03420195439739414 0.3170731707317073 0.04560260586319218
2 0.5487804878048781 0.39006514657980457 0.3073170731707317 0.043973941368078175
2 0.5487804878048781 0.44299674267100975 0.3073170731707317 0.04560260586319218
5 0.26097560975609757 0.499185667752443 0.40487804878048783 0.06026058631921824
2 0.5634146341463414 0.5618892508143323 0.3073170731707317 0.04560260586319218
13 0.6658536585365854 0.5618892508143323 0.5317073170731708 0.05211726384364821
4 0.2951219512195122 0.6229641693811075 0.47317073170731705 0.06026058631921824
2 0.5634146341463414 0.6840390879478827 0.3073170731707317 0.04560260586319218
13 0.6780487804878049 0.6840390879478827 0.5658536585365853 0.05211726384364821
2 0.5634146341463414 0.745928338762215 0.3073170731707317 0.04560260586319218
13 0.6634146341463415 0.746742671009772 0.5365853658536586 0.05374592833876222
5 0.2634146341463415 0.8061889250814332 0.4097560975609756 0.05863192182410423
2 0.5487804878048781 0.8648208469055375 0.3073170731707317 0.04560260586319218
2 0.5634146341463414 0.9218241042345277 0.3073170731707317 0.04560260586319218
13 0.6731707317073171 0.9226384364820847 0.5463414634146342 0.05374592833876222
4 0.2951219512195122 0.09446254071661238 0.47317073170731705 0.06188925081433225
2 0.5487804878048781 0.15309446254071662 0.3073170731707317 0.04560260586319218