11 0.5640394088669951 0.3276283618581907 0.29064039408866993 0.06845965770171149
13 0.6724137931034483 0.3276283618581907 0.5467980295566502 0.08312958435207823
11 0.5665024630541872 0.42053789731051344 0.2955665024630542 0.06845965770171149
13 0.6822660098522167 0.42053789731051344 0.5566502463054187 0.07823960880195599
11 0.3497536945812808 0.05012224938875306 0.19704433497536947 0.06601466992665037
13 0.4482758620689655 0.05012224938875306 0.5714285714285714 0.08068459657701711
11 0.5615763546798029 0.5122249388753056 0.2955665024630542 0.06601466992665037
13 0.6724137931034483 0.5134474327628362 0.5467980295566502 0.07823960880195599
11 0.5665024630541872 0.6051344743276283 0.2955665024630542 0.06601466992665037
13 0.6748768472906403 0.6051344743276283 0.541871921182266 0.08068459657701711
5 0.2684729064039409 0.6968215158924206 0.4088669950738916 0.09290953545232274
13 0.6650246305418719 0.7885085574572127 0.5320197044334976 0.08068459657701711
11 0.5665024630541872 0.7897310513447433 0.2955665024630542 0.06845965770171149
13 0.6822660098522167 0.8814180929095354 0.5665024630541872 0.08068459657701711
11 0.5615763546798029 0.882640586797066 0.2955665024630542 0.06845965770171149
4 0.30049261083743845 0.14180929095354522 0.4729064039408867 0.09290953545232274
11 0.5640394088669951 0.23471882640586797 0.30049261083743845 0.06845965770171149
13 0.6724137931034483 0.23594132029339854 0.5369458128078818 0.08068459657701711