13 0.5854037267080745 0.5308483290488432 0.13664596273291926 0.08483290488431877
11 0.4658385093167702 0.532133676092545 0.052795031055900624 0.07197943444730077
2 0.5504658385093167 0.532133676092545 0.06055900621118013 0.07197943444730077
13 0.5535714285714286 0.5334190231362468 0.2748447204968944 0.11053984575835475
2 0.15605590062111802 0.7172236503856041 0.06055900621118013 0.07197943444730077
1 0.1513975155279503 0.07712082262210797 0.2996894409937888 0.14910025706940874
2 0.18711180124223603 0.07969151670951156 0.06055900621118013 0.06683804627249357
2 0.2546583850931677 0.07969151670951156 0.059006211180124224 0.06683804627249357
13 0.5822981366459627 0.897172236503856 0.8074534161490683 0.13881748071979436
2 0.2111801242236025 0.8984575835475579 0.062111801242236024 0.07455012853470437
13 0.5690993788819876 0.8984575835475579 0.265527950310559 0.10025706940874037
2 0.30201863354037267 0.8997429305912596 0.06055900621118013 0.07712082262210797
13 0.33695652173913043 0.8997429305912596 0.13664596273291926 0.08226221079691516
11 0.4860248447204969 0.8997429305912596 0.052795031055900624 0.07197943444730077
13 0.5512422360248447 0.8997429305912596 0.8819875776397516 0.15424164524421594
2 0.5706521739130435 0.8997429305912596 0.06055900621118013 0.07197943444730077
13 0.6071428571428571 0.8997429305912596 0.13664596273291926 0.08226221079691516
11 0.11180124223602485 0.19794344473007713 0.06832298136645963 0.07197943444730077
13 0.14285714285714285 0.19794344473007713 0.18322981366459629 0.08740359897172237