11 0.23828125 0.22985468956406868 0.0546875 0.036988110964332896
2 0.3203125 0.22985468956406868 0.053125 0.036988110964332896
10 0.18125 0.23051519154557465 0.35625 0.0488771466314399
11 0.28515625 0.28335535006605017 0.0515625 0.035667107001321
10 0.23203125 0.28401585204755614 0.4578125 0.05548216644649934
2 0.3671875 0.28401585204755614 0.05625 0.036988110964332896
1 0.2984375 0.03896961690885073 0.590625 0.07529722589167767
5 0.06796875 0.38639365918097757 0.1296875 0.0488771466314399
2 0.42890625 0.040290620871862616 0.0546875 0.035667107001321
2 0.24375 0.04095112285336856 0.046875 0.034346103038309116
2 0.32421875 0.04095112285336856 0.0515625 0.034346103038309116
2 0.5453125 0.0416116248348745 0.059375 0.035667107001321
2 0.1421875 0.0416116248348745 0.05 0.03302509907529723
11 0.19140625 0.4867899603698811 0.0578125 0.035667107001321
13 0.2140625 0.4867899603698811 0.29375 0.05680317040951123
13 0.1828125 0.48745046235138706 0.221875 0.05019815059445178
11 0.18359375 0.547556142668428 0.0515625 0.035667107001321
11 0.2703125 0.547556142668428 0.059375 0.035667107001321
13 0.23046875 0.5482166446499339 0.3234375 0.05019815059445178
5 0.1015625 0.6017173051519155 0.13125 0.05151915455746367
11 0.28984375 0.6895640686922061 0.0515625 0.036988110964332896
13 0.3453125 0.6895640686922061 0.290625 0.05019815059445178
2 0.45859375 0.6895640686922061 0.0578125 0.036988110964332896
11 0.559375 0.6895640686922061 0.0625 0.036988110964332896
13 0.74453125 0.6895640686922061 0.1296875 0.04227212681638045
13 0.3015625 0.690224570673712 0.3875 0.05680317040951123
11 0.3734375 0.690224570673712 0.059375 0.03830911492734478
11 0.71015625 0.690224570673712 0.0515625 0.03830911492734478
11 0.86796875 0.690224570673712 0.0578125 0.035667107001321
2 0.95234375 0.690224570673712 0.0578125 0.035667107001321
13 0.75625 0.6908850726552179 0.4625 0.06340819022457067
13 0.79921875 0.6908850726552179 0.3671875 0.05812417437252312
11 0.14375 0.6908850726552179 0.0625 0.036988110964332896
4 0.1125 0.7516512549537648 0.15 0.05019815059445178
11 0.35859375 0.9075297225891678 0.0609375 0.036988110964332896
13 0.36953125 0.9075297225891678 0.3609375 0.05812417437252312
2 0.51640625 0.9081902245706737 0.0546875 0.035667107001321
13 0.3296875 0.9088507265521797 0.271875 0.05019815059445178
5 0.06796875 0.9656538969616909 0.1296875 0.05019815059445178
2 0.24921875 0.10501981505944517 0.0546875 0.03830911492734478
11 0.16640625 0.10568031704095113 0.0515625 0.036988110964332896
13 0.21171875 0.10568031704095113 0.3171875 0.05019815059445178