13 0.4482288828337875 0.23275862068965517 0.20435967302452315 0.04231974921630094
4 0.14305177111716622 0.34169278996865204 0.26430517711171664 0.05642633228840126
1 0.20708446866485014 0.04623824451410658 0.3923705722070845 0.08934169278996865
5 0.12534059945504086 0.6559561128526645 0.22888283378746593 0.05799373040752351
0 0.47411444141689374 0.7092476489028213 0.9209809264305178 0.048589341692789965
13 0.3188010899182561 0.7100313479623824 0.2724795640326976 0.0438871473354232
13 0.5994550408719346 0.7100313479623824 0.2724795640326976 0.0438871473354232
13 0.33923705722070846 0.7601880877742947 0.26975476839237056 0.0438871473354232
0 0.4782016348773842 0.7601880877742947 0.9346049046321526 0.050156739811912224
13 0.6198910081743869 0.7609717868338558 0.26975476839237056 0.04231974921630094
13 0.6198910081743869 0.8111285266457681 0.26975476839237056 0.045454545454545456
13 0.33651226158038144 0.8119122257053292 0.26975476839237056 0.0438871473354232
0 0.4877384196185286 0.8119122257053292 0.9536784741144414 0.050156739811912224
13 0.3583106267029973 0.8620689655172413 0.26975476839237056 0.0438871473354232
13 0.6403269754768393 0.8620689655172413 0.2724795640326976 0.0438871473354232
0 0.494550408719346 0.8628526645768025 0.9673024523160763 0.048589341692789965
13 0.3405994550408719 0.9130094043887147 0.2724795640326976 0.04231974921630094
13 0.6226158038147139 0.9130094043887147 0.26975476839237056 0.04231974921630094
0 0.49727520435967304 0.9137931034482759 0.9727520435967303 0.050156739811912224
13 0.35013623978201636 0.9639498432601881 0.26975476839237056 0.0438871473354232
0 0.49727520435967304 0.9639498432601881 0.9727520435967303 0.050156739811912224
13 0.6307901907356949 0.9639498432601881 0.26975476839237056 0.0438871473354232
0 0.23705722070844687 0.11755485893416928 0.45231607629427795 0.050156739811912224