13 0.3540305010893246 0.2073170731707317 0.18082788671023964 0.06191369606003752
13 0.39869281045751637 0.2073170731707317 0.28322440087145967 0.07317073170731707
11 0.40305010893246185 0.2073170731707317 0.06971677559912855 0.05065666041275797
3 0.20043572984749455 0.2795497185741088 0.3442265795206972 0.0600375234521576
15 0.13398692810457516 0.0450281425891182 0.2636165577342048 0.0825515947467167
3 0.3213507625272331 0.4699812382739212 0.5381263616557734 0.06191369606003752
11 0.31699346405228757 0.5318949343339587 0.15468409586056645 0.05065666041275797
6 0.20588235294117646 0.5919324577861164 0.25925925925925924 0.06191369606003752
13 0.39433551198257083 0.8442776735459663 0.27450980392156865 0.07129455909943715
13 0.35076252723311546 0.8452157598499062 0.17429193899782136 0.06191369606003752
11 0.3954248366013072 0.8461538461538461 0.0718954248366013 0.0525328330206379
11 0.3888888888888889 0.9568480300187617 0.0718954248366013 0.0525328330206379
3 0.5 0.12570356472795496 0.9869281045751634 0.07879924953095685
11 0.6699346405228758 0.12570356472795496 0.17647058823529413 0.0525328330206379
13 0.7320261437908496 0.12570356472795496 0.3660130718954248 0.0600375234521576