11 0.4643939393939394 0.4205607476635514 0.16818181818181818 0.06542056074766354
11 0.581060606060606 0.4205607476635514 0.05 0.06542056074766354
11 0.37803030303030305 0.5280373831775701 0.16818181818181818 0.06542056074766354
11 0.4946969696969697 0.5280373831775701 0.05 0.06542056074766354
11 0.5 0.6238317757009346 0.23939393939393938 0.06542056074766354
11 0.6515151515151515 0.6238317757009346 0.051515151515151514 0.06542056074766354
11 0.16515151515151516 0.625 0.048484848484848485 0.0630841121495327
1 0.08787878787878788 0.07126168224299065 0.17272727272727273 0.13317757009345793
11 0.7416666666666667 0.735981308411215 0.05 0.06542056074766354
13 0.771969696969697 0.735981308411215 0.11969696969696969 0.07476635514018691
11 0.14924242424242423 0.735981308411215 0.05 0.06542056074766354
13 0.18333333333333332 0.7371495327102804 0.12424242424242424 0.07710280373831775
13 0.2606060606060606 0.7371495327102804 0.296969696969697 0.10046728971962617
13 0.2924242424242424 0.7371495327102804 0.3696969696969697 0.11448598130841121
13 0.3242424242424242 0.7371495327102804 0.4393939393939394 0.12850467289719625
13 0.7083333333333334 0.7371495327102804 0.25606060606060604 0.0911214953271028
13 0.7431818181818182 0.7371495327102804 0.33181818181818185 0.10046728971962617
13 0.22803030303030303 0.7383177570093458 0.22272727272727272 0.08878504672897196
13 0.781060606060606 0.7383177570093458 0.4166666666666667 0.11214953271028037
11 0.1787878787878788 0.844626168224299 0.048484848484848485 0.0630841121495327
0 0.12272727272727273 0.844626168224299 0.1787878787878788 0.07710280373831775