2 0.28087649402390436 0.2110939907550077 0.13147410358565736 0.04314329738058552
13 0.3665338645418327 0.211864406779661 0.3187250996015936 0.05084745762711865
13 0.3645418326693227 0.26887519260400616 0.3147410358565737 0.05084745762711865
2 0.28286852589641437 0.2696456086286595 0.13545816733067728 0.04314329738058552
2 0.28087649402390436 0.3274268104776579 0.13147410358565736 0.04160246533127889
13 0.3705179282868526 0.3274268104776579 0.32669322709163345 0.05084745762711865
13 0.36254980079681276 0.3852080123266564 0.3187250996015936 0.04930662557781202
2 0.28087649402390436 0.3859784283513097 0.13147410358565736 0.04160246533127889
5 0.1892430278884462 0.4445300462249615 0.33067729083665337 0.05701078582434515
2 0.47808764940239046 0.4984591679506934 0.13545816733067728 0.04160246533127889
2 0.2729083665338645 0.4984591679506934 0.13147410358565736 0.04160246533127889
4 0.21713147410358566 0.5523882896764253 0.38645418326693226 0.05701078582434515
13 0.7768924302788844 0.6101694915254238 0.32669322709163345 0.04930662557781202
2 0.28286852589641437 0.6101694915254238 0.13545816733067728 0.04314329738058552
13 0.3705179282868526 0.6101694915254238 0.32669322709163345 0.04930662557781202
2 0.6872509960159362 0.610939907550077 0.13147410358565736 0.04160246533127889
5 0.1892430278884462 0.6687211093990755 0.33067729083665337 0.05546995377503852
2 0.28286852589641437 0.726502311248074 0.13545816733067728 0.04468412942989214
13 0.36852589641434264 0.7272727272727273 0.33067729083665337 0.04930662557781202
4 0.21713147410358566 0.7850539291217258 0.38645418326693226 0.053929121725731895
2 0.6852589641434262 0.8428351309707242 0.13545816733067728 0.04314329738058552
13 0.7749003984063745 0.8436055469953775 0.33067729083665337 0.04776579352850539
2 0.2848605577689243 0.8436055469953775 0.13147410358565736 0.04160246533127889
13 0.3745019920318725 0.8436055469953775 0.32669322709163345 0.04776579352850539
2 0.28087649402390436 0.901386748844376 0.13147410358565736 0.04314329738058552
13 0.3705179282868526 0.901386748844376 0.32669322709163345 0.04930662557781202
13 0.3665338645418327 0.09399075500770417 0.3107569721115538 0.04930662557781202
2 0.6772908366533864 0.09476117103235747 0.12749003984063745 0.04160246533127889
2 0.2848605577689243 0.09476117103235747 0.13147410358565736 0.04160246533127889
13 0.7649402390438247 0.09553158705701079 0.32669322709163345 0.04930662557781202
5 0.18725099601593626 0.9599383667180277 0.32669322709163345 0.05546995377503852
4 0.21713147410358566 0.1517719568567026 0.38645418326693226 0.05701078582434515