11 0.35135135135135137 0.30106809078771696 0.14414414414414414 0.036048064085447265
13 0.44144144144144143 0.30173564753004006 0.4864864864864865 0.04539385847797063
7 0.3108108108108108 0.030707610146862484 0.6036036036036037 0.05874499332443257
11 0.35135135135135137 0.47463284379172227 0.14414414414414414 0.036048064085447265
13 0.4436936936936937 0.47463284379172227 0.49099099099099097 0.044058744993324434
11 0.3490990990990991 0.6481975967957276 0.14864864864864866 0.036048064085447265
13 0.44144144144144143 0.6481975967957276 0.4864864864864865 0.044058744993324434
11 0.3490990990990991 0.8204272363150867 0.14864864864864866 0.036048064085447265
13 0.4436936936936937 0.8204272363150867 0.481981981981982 0.044058744993324434
11 0.3490990990990991 0.1288384512683578 0.14864864864864866 0.036048064085447265
13 0.4436936936936937 0.1288384512683578 0.49099099099099097 0.044058744993324434