5 0.10092807424593968 0.42877094972067037 0.1925754060324826 0.10335195530726257
2 0.345707656612529 0.5335195530726257 0.1345707656612529 0.0782122905027933
2 0.2691415313225058 0.63268156424581 0.07888631090487239 0.07541899441340782
2 0.14965197215777262 0.63268156424581 0.0765661252900232 0.07541899441340782
4 0.11716937354988399 0.7304469273743017 0.22505800464037123 0.10335195530726257
2 0.2703016241299304 0.8282122905027933 0.0765661252900232 0.07541899441340782
2 0.14965197215777262 0.8282122905027933 0.0765661252900232 0.07541899441340782
1 0.5 0.08379888268156424 0.9907192575406032 0.1564245810055866
2 0.9048723897911833 0.08798882681564246 0.12529002320185614 0.07541899441340782
2 0.3294663573085847 0.0893854748603352 0.06960556844547564 0.07262569832402235
2 0.5382830626450116 0.0893854748603352 0.07424593967517401 0.07262569832402235
2 0.6264501160092807 0.0893854748603352 0.07424593967517401 0.07262569832402235
2 0.4176334106728538 0.09078212290502793 0.07424593967517401 0.07541899441340782
5 0.10092807424593968 0.9259776536312849 0.1925754060324826 0.10335195530726257