13 0.17045454545454544 0.148124191461837 0.2159090909090909 0.042690815006468305
11 0.13257575757575757 0.14877102199223805 0.07575757575757576 0.03622250970245795
0 0.07765151515151515 0.19404915912031048 0.10984848484848485 0.04398447606727038
1 0.11079545454545454 0.037516170763260026 0.21401515151515152 0.0724450194049159
11 0.23674242424242425 0.703751617076326 0.10984848484848485 0.03363518758085381
11 0.48674242424242425 0.703751617076326 0.07954545454545454 0.03622250970245795
11 0.6922348484848485 0.703751617076326 0.10795454545454546 0.03363518758085381
13 0.3210227272727273 0.704398447606727 0.4185606060606061 0.047865459249676584
13 0.7774621212121212 0.704398447606727 0.4185606060606061 0.047865459249676584
11 0.9403409090909091 0.704398447606727 0.08143939393939394 0.03492884864165589
4 0.11553030303030302 0.7988357050452781 0.18181818181818182 0.047865459249676584
5 0.10227272727272728 0.8479948253557568 0.1553030303030303 0.047865459249676584
13 0.5520833333333334 0.9385510996119016 0.2821969696969697 0.040103492884864166