2 0.36163522012578614 0.63268156424581 0.1069182389937107 0.08100558659217877
2 0.19968553459119498 0.6340782122905028 0.10377358490566038 0.0782122905027933
4 0.15566037735849056 0.7304469273743017 0.3050314465408805 0.09776536312849161
2 0.3632075471698113 0.8282122905027933 0.10377358490566038 0.08100558659217877
2 0.19968553459119498 0.8282122905027933 0.10377358490566038 0.07541899441340782
1 0.5 0.08379888268156424 0.9874213836477987 0.16201117318435754
2 0.789308176100629 0.08798882681564246 0.10062893081761007 0.07541899441340782
2 0.9088050314465409 0.08798882681564246 0.10062893081761007 0.07541899441340782
2 0.5062893081761006 0.0893854748603352 0.09433962264150944 0.07262569832402235
2 0.6273584905660378 0.0893854748603352 0.09748427672955975 0.07262569832402235
5 0.13364779874213836 0.9273743016759777 0.2610062893081761 0.10614525139664804
5 0.13364779874213836 0.21508379888268156 0.25471698113207547 0.10614525139664804