11 0.2524390243902439 0.29767441860465116 0.1048780487804878 0.06511627906976744
13 0.30121951219512194 0.2988372093023256 0.29024390243902437 0.07674418604651163
0 0.08658536585365853 0.3802325581395349 0.11463414634146342 0.07674418604651163
7 0.16097560975609757 0.05232558139534884 0.3170731707317073 0.1
13 0.3024390243902439 0.5872093023255814 0.28780487804878047 0.07674418604651163
11 0.2524390243902439 0.5883720930232558 0.1048780487804878 0.06511627906976744
0 0.08658536585365853 0.6686046511627907 0.11463414634146342 0.07674418604651163
13 0.2634146341463415 0.8081395348837209 0.34146341463414637 0.07674418604651163
11 0.6536585365853659 0.8081395348837209 0.22439024390243903 0.06279069767441861
13 0.7060975609756097 0.8081395348837209 0.4073170731707317 0.07674418604651163
11 0.2146341463414634 0.8081395348837209 0.16097560975609757 0.06279069767441861