6 0.5141065830721003 0.3111111111111111 0.9529780564263323 0.050793650793650794
3 0.45768025078369906 0.41349206349206347 0.7711598746081505 0.05238095238095238
10 0.35266457680250785 0.4658730158730159 0.49216300940438873 0.05238095238095238
10 0.35266457680250785 0.5507936507936508 0.49216300940438873 0.050793650793650794
10 0.2836990595611285 0.7047619047619048 0.49216300940438873 0.050793650793650794
3 0.42476489028213166 0.7563492063492063 0.768025078369906 0.049206349206349205
10 0.3181818181818182 0.8071428571428572 0.49216300940438873 0.05238095238095238
10 0.3181818181818182 0.8944444444444445 0.49216300940438873 0.05238095238095238
13 0.28996865203761757 0.1 0.3730407523510972 0.05396825396825397
11 0.22570532915360503 0.1007936507936508 0.13793103448275862 0.046031746031746035
8 0.24921630094043887 0.15714285714285714 0.4231974921630094 0.050793650793650794