2 0.5634146341463414 0.35694444444444445 0.3073170731707317 0.08055555555555556
13 0.6707317073170732 0.3597222222222222 0.551219512195122 0.09166666666666666
2 0.5634146341463414 0.4638888888888889 0.3073170731707317 0.07777777777777778
13 0.6658536585365854 0.4638888888888889 0.5317073170731708 0.08888888888888889
2 0.5634146341463414 0.5680555555555555 0.3073170731707317 0.075
13 0.6707317073170732 0.5694444444444444 0.551219512195122 0.08888888888888889
13 0.5 0.058333333333333334 0.6780487804878049 0.09444444444444444
2 0.4024390243902439 0.058333333333333334 0.3170731707317073 0.07777777777777778
2 0.5487804878048781 0.6666666666666666 0.3073170731707317 0.07777777777777778
5 0.26097560975609757 0.7611111111111111 0.40487804878048783 0.10555555555555556
2 0.5634146341463414 0.8666666666666667 0.3073170731707317 0.07777777777777778
13 0.6658536585365854 0.8680555555555556 0.5317073170731708 0.09166666666666666
4 0.2975609756097561 0.1625 0.4682926829268293 0.10277777777777777
2 0.551219512195122 0.2611111111111111 0.3121951219512195 0.07777777777777778