13 0.3343465045592705 0.1746987951807229 0.3404255319148936 0.05679862306368331
11 0.26595744680851063 0.1746987951807229 0.10030395136778116 0.04647160068846816
11 0.23556231003039513 0.03442340791738382 0.16717325227963525 0.04819277108433735
13 0.2948328267477204 0.03442340791738382 0.3951367781155015 0.058519793459552494
4 0.21732522796352582 0.5094664371772806 0.2948328267477204 0.06196213425129088
11 0.3373860182370821 0.6299483648881239 0.0972644376899696 0.04819277108433735
13 0.4012158054711246 0.6299483648881239 0.24316109422492402 0.055077452667814115
13 0.39969604863221886 0.7504302925989673 0.24012158054711247 0.055077452667814115
11 0.4635258358662614 0.7512908777969018 0.10030395136778116 0.04647160068846816
5 0.196048632218845 0.8166953528399311 0.25227963525835867 0.06368330464716007
13 0.3191489361702128 0.10413080895008606 0.3343465045592705 0.05679862306368331
13 0.71580547112462 0.10413080895008606 0.3373860182370821 0.05679862306368331
11 0.6458966565349544 0.10499139414802065 0.10030395136778116 0.04819277108433735
11 0.2507598784194529 0.10499139414802065 0.10030395136778116 0.04819277108433735