13 0.3112244897959184 0.3025147928994083 0.17346938775510204 0.04881656804733728
2 0.4806122448979592 0.3025147928994083 0.0673469387755102 0.03994082840236687
13 0.2612244897959184 0.3032544378698225 0.2816326530612245 0.05621301775147929
2 0.3551020408163265 0.3032544378698225 0.07755102040816327 0.04142011834319527
13 0.5255102040816326 0.3032544378698225 0.1653061224489796 0.047337278106508875
2 0.15918367346938775 0.3039940828402367 0.06938775510204082 0.03994082840236687
4 0.12244897959183673 0.3631656804733728 0.19591836734693877 0.051775147928994084
2 0.3551020408163265 0.4223372781065089 0.07755102040816327 0.03994082840236687
13 0.2612244897959184 0.4230769230769231 0.2816326530612245 0.05621301775147929
13 0.3122448979591837 0.4230769230769231 0.17142857142857143 0.05029585798816568
2 0.4806122448979592 0.4230769230769231 0.0673469387755102 0.04142011834319527
13 0.523469387755102 0.4230769230769231 0.16122448979591836 0.047337278106508875
2 0.15816326530612246 0.4230769230769231 0.0673469387755102 0.04142011834319527
1 0.23775510204081632 0.04437869822485207 0.4714285714285714 0.08284023668639054
2 0.2540816326530612 0.047337278106508875 0.06326530612244897 0.038461538461538464
2 0.33163265306122447 0.04807692307692308 0.06326530612244897 0.03994082840236687
2 0.41122448979591836 0.04807692307692308 0.07551020408163266 0.03994082840236687
13 0.3112244897959184 0.48668639053254437 0.17346938775510204 0.047337278106508875
2 0.35408163265306125 0.48668639053254437 0.07551020408163266 0.04142011834319527
2 0.4816326530612245 0.48668639053254437 0.0653061224489796 0.04142011834319527
2 0.15816326530612246 0.48668639053254437 0.0673469387755102 0.04142011834319527
13 0.5265306122448979 0.4874260355029586 0.1673469387755102 0.04881656804733728
13 0.26224489795918365 0.4881656804733728 0.2836734693877551 0.05325443786982249
13 0.3122448979591837 0.5502958579881657 0.17142857142857143 0.047337278106508875
2 0.35612244897959183 0.5510355029585798 0.07551020408163266 0.03994082840236687
2 0.4816326530612245 0.5510355029585798 0.0653061224489796 0.03994082840236687
13 0.5265306122448979 0.5510355029585798 0.1673469387755102 0.04881656804733728
2 0.15816326530612246 0.5510355029585798 0.0673469387755102 0.03994082840236687
13 0.26224489795918365 0.5517751479289941 0.2836734693877551 0.05621301775147929
5 0.10918367346938776 0.6109467455621301 0.16938775510204082 0.05325443786982249
2 0.29489795918367345 0.6664201183431953 0.07551020408163266 0.03994082840236687
13 0.2530612244897959 0.6671597633136095 0.17142857142857143 0.047337278106508875
4 0.12346938775510204 0.8254437869822485 0.19795918367346937 0.05325443786982249
5 0.10816326530612246 0.9304733727810651 0.1673469387755102 0.05325443786982249
13 0.7255102040816327 0.1220414201183432 0.38979591836734695 0.05473372781065089
2 0.3020408163265306 0.1227810650887574 0.06938775510204082 0.04142011834319527
13 0.22959183673469388 0.1235207100591716 0.22244897959183674 0.04881656804733728
13 0.2755102040816326 0.1235207100591716 0.39183673469387753 0.05473372781065089
13 0.6785714285714286 0.1235207100591716 0.22244897959183674 0.04585798816568047
2 0.7510204081632653 0.1235207100591716 0.06938775510204082 0.03994082840236687