2 0.2551440329218107 0.29971988795518206 0.07818930041152264 0.0784313725490196
0 0.15946502057613168 0.38935574229691877 0.3148148148148148 0.09523809523809523
11 0.13991769547325103 0.48179271708683474 0.13991769547325103 0.0784313725490196
2 0.2736625514403292 0.5700280112044818 0.1111111111111111 0.08123249299719888
0 0.15843621399176955 0.6624649859943977 0.31275720164609055 0.09243697478991597
2 0.2716049382716049 0.7507002801120448 0.1111111111111111 0.0784313725490196
1 0.5 0.08263305322128851 0.9958847736625515 0.15966386554621848
2 0.32098765432098764 0.08543417366946779 0.08641975308641975 0.07563025210084033
2 0.7263374485596708 0.08543417366946779 0.07407407407407407 0.07563025210084033
0 0.15843621399176955 0.8417366946778712 0.31275720164609055 0.09243697478991597
2 0.5154320987654321 0.08683473389355742 0.10493827160493827 0.07282913165266107
2 0.9197530864197531 0.08823529411764706 0.1111111111111111 0.07563025210084033
11 0.14094650205761317 0.9341736694677871 0.1419753086419753 0.07563025210084033