5 0.17833333333333334 0.4352791878172589 0.27666666666666667 0.048223350253807105
4 0.20166666666666666 0.5260152284263959 0.3233333333333333 0.046954314720812185
11 0.8383333333333334 0.5736040609137056 0.21666666666666667 0.03553299492385787
13 0.7616666666666667 0.574238578680203 0.39666666666666667 0.04187817258883249
13 0.36666666666666664 0.6211928934010152 0.37333333333333335 0.044416243654822336
11 0.2966666666666667 0.6218274111675127 0.22 0.03553299492385787
14 0.3233333333333333 0.6656091370558376 0.4866666666666667 0.04187817258883249
11 0.4033333333333333 0.7068527918781726 0.31333333333333335 0.03553299492385787
13 0.6683333333333333 0.7753807106598984 0.5033333333333333 0.03553299492385787
11 0.26 0.817258883248731 0.16 0.03553299492385787
13 0.7066666666666667 0.8591370558375635 0.54 0.03553299492385787
8 0.3233333333333333 0.8991116751269036 0.4866666666666667 0.04187817258883249
8 0.38166666666666665 0.9670050761421319 0.6766666666666666 0.04060913705583756