13 0.3540305010893246 0.26626506024096386 0.18082788671023964 0.07951807228915662
13 0.39869281045751637 0.26626506024096386 0.28322440087145967 0.09397590361445783
11 0.4019607843137255 0.26626506024096386 0.0718954248366013 0.06506024096385542
3 0.20152505446623092 0.3566265060240964 0.3464052287581699 0.07710843373493977
15 0.13398692810457516 0.05783132530120482 0.25925925925925924 0.10602409638554217
13 0.35076252723311546 0.8 0.17429193899782136 0.07710843373493977
13 0.39433551198257083 0.8 0.27450980392156865 0.09156626506024096
11 0.39433551198257083 0.8 0.07407407407407407 0.06746987951807229
11 0.3888888888888889 0.9421686746987952 0.0718954248366013 0.06746987951807229
11 0.6710239651416122 0.1614457831325301 0.1786492374727669 0.06746987951807229
13 0.7320261437908496 0.16265060240963855 0.3660130718954248 0.07951807228915662
3 0.4989106753812636 0.163855421686747 0.9891067538126361 0.10120481927710843