13 0.36658354114713215 0.22942206654991243 0.38403990024937656 0.05604203152364273
11 0.71571072319202 0.22942206654991243 0.12967581047381546 0.04903677758318739
11 0.2830423940149626 0.23029772329246936 0.13216957605985039 0.047285464098073555
13 0.7793017456359103 0.23029772329246936 0.33665835411471323 0.05779334500875657
13 0.2805486284289277 0.3572679509632224 0.341645885286783 0.05604203152364273
11 0.2169576059850374 0.35814360770577935 0.12967581047381546 0.047285464098073555
12 0.3104738154613466 0.040280210157618214 0.6109725685785536 0.07705779334500876
8 0.2456359102244389 0.4185639229422067 0.371571072319202 0.05604203152364273
13 0.32917705735660846 0.5753064798598949 0.38403990024937656 0.05779334500875657
11 0.24438902743142144 0.5753064798598949 0.13466334164588528 0.047285464098073555
8 0.29177057356608477 0.6366024518388792 0.4139650872817955 0.05779334500875657