2 0.32825484764542934 0.6820809248554913 0.09141274238227147 0.08092485549132948
13 0.6274238227146814 0.6820809248554913 0.7063711911357341 0.13872832369942195
13 0.6980609418282548 0.6820809248554913 0.5595567867036011 0.12138728323699421
13 0.8490304709141274 0.6820809248554913 0.22437673130193905 0.09248554913294797
13 0.7548476454293629 0.6835260115606936 0.42382271468144045 0.1069364161849711
11 0.7908587257617729 0.6835260115606936 0.09141274238227147 0.07803468208092486
2 0.1772853185595568 0.6835260115606936 0.0886426592797784 0.07803468208092486
4 0.1371191135734072 0.8164739884393064 0.26869806094182824 0.1069364161849711
1 0.2770083102493075 0.08670520231213873 0.5484764542936288 0.16184971098265896
2 0.4778393351800554 0.08959537572254335 0.08587257617728532 0.07514450867052024
2 0.3739612188365651 0.09104046242774566 0.08310249307479224 0.07803468208092486
5 0.11911357340720222 0.9248554913294798 0.22714681440443213 0.10404624277456648
5 0.11772853185595568 0.22254335260115607 0.2299168975069252 0.10404624277456648