15 0.15222772277227722 0.034866468842729974 0.29455445544554454 0.06676557863501484
13 0.41336633663366334 0.6884272997032641 0.3415841584158416 0.050445103857566766
13 0.46782178217821785 0.6884272997032641 0.45544554455445546 0.05637982195845697
11 0.5 0.6884272997032641 0.15346534653465346 0.04154302670623145
13 0.5198019801980198 0.6891691394658753 0.5792079207920792 0.06379821958456973
13 0.44801980198019803 0.7603857566765578 0.3415841584158416 0.04896142433234421
13 0.49876237623762376 0.7603857566765578 0.45792079207920794 0.057863501483679525
11 0.5334158415841584 0.7603857566765578 0.15594059405940594 0.040059347181008904
13 0.5495049504950495 0.7603857566765578 0.5742574257425742 0.06676557863501484
13 0.6089108910891089 0.8353115727002968 0.28217821782178215 0.050445103857566766
13 0.5247524752475248 0.836053412462908 0.46534653465346537 0.057863501483679525
13 0.6311881188118812 0.836053412462908 0.7029702970297029 0.07270029673590504
11 0.5507425742574258 0.8367952522255193 0.15099009900990099 0.04154302670623145
13 0.5754950495049505 0.8367952522255193 0.5816831683168316 0.06528189910979229
13 0.3527227722772277 0.09495548961424333 0.5371287128712872 0.050445103857566766