4 0.10134003350083752 0.1786339754816112 0.1624790619765494 0.06304728546409807
11 0.18592964824120603 0.24956217162872155 0.05695142378559464 0.050788091068301226
11 0.6474036850921273 0.24956217162872155 0.05527638190954774 0.050788091068301226
13 0.6834170854271356 0.24956217162872155 0.1407035175879397 0.05779334500875657
13 0.22278056951423786 0.2504378283712785 0.1407035175879397 0.05604203152364273
5 0.08961474036850921 0.3213660245183888 0.1390284757118928 0.0647985989492119
13 0.25711892797319935 0.03677758318739054 0.37353433835845895 0.0595446584938704
2 0.1800670016750419 0.4851138353765324 0.08207705192629816 0.04903677758318739
13 0.2185929648241206 0.4851138353765324 0.21273031825795644 0.05604203152364273
0 0.46817420435510887 0.5525394045534151 0.8961474036850922 0.05779334500875657
11 0.855108877721943 0.5525394045534151 0.10217755443886097 0.047285464098073555
2 0.1423785594639866 0.6129597197898424 0.08040201005025126 0.04903677758318739
13 0.18257956448911222 0.6138353765323993 0.21775544388609716 0.05779334500875657
13 0.644891122278057 0.6978984238178634 0.35175879396984927 0.07530647985989491
13 0.38190954773869346 0.6987740805604203 0.12395309882747069 0.04903677758318739
13 0.5343383584589615 0.6987740805604203 0.592964824120603 0.09457092819614711
2 0.6984924623115578 0.6987740805604203 0.07035175879396985 0.04903677758318739
13 0.5703517587939698 0.6996497373029772 0.5108877721943048 0.08581436077057793
13 0.6080402010050251 0.6996497373029772 0.26800670016750416 0.0647985989492119
13 0.6633165829145728 0.6996497373029772 0.1474036850921273 0.05779334500875657
13 0.602177554438861 0.10683012259194395 0.1390284757118928 0.0595446584938704
11 0.18257956448911222 0.10770577933450087 0.05360134003350084 0.047285464098073555
11 0.5644891122278057 0.10770577933450087 0.05695142378559464 0.050788091068301226