11 0.6597560975609756 0.3746268656716418 0.17317073170731706 0.08656716417910448
11 0.5024390243902439 0.3761194029850746 0.08292682926829269 0.08358208955223881
13 0.5621951219512196 0.3761194029850746 0.6121951219512195 0.13134328358208955
13 0.6548780487804878 0.3761194029850746 0.4121951219512195 0.11343283582089553
13 0.6036585365853658 0.3776119402985075 0.2951219512195122 0.09850746268656717
11 0.6024390243902439 0.5194029850746269 0.08292682926829269 0.08358208955223881
13 0.6634146341463415 0.5194029850746269 0.6097560975609756 0.13134328358208955
13 0.7012195121951219 0.5194029850746269 0.29024390243902437 0.0955223880597015
11 0.7573170731707317 0.5194029850746269 0.16341463414634147 0.08358208955223881
13 0.7548780487804878 0.5208955223880597 0.4121951219512195 0.11044776119402985
11 0.6097560975609756 0.6656716417910448 0.08292682926829269 0.08358208955223881
13 0.675609756097561 0.6656716417910448 0.6146341463414634 0.13134328358208955
13 0.7109756097560975 0.6656716417910448 0.2951219512195122 0.10149253731343283
13 0.7658536585365854 0.6656716417910448 0.4195121951219512 0.11343283582089553
11 0.7682926829268293 0.6656716417910448 0.17073170731707318 0.08358208955223881
11 0.31585365853658537 0.7940298507462686 0.16341463414634147 0.08358208955223881
11 0.16097560975609757 0.7940298507462686 0.08292682926829269 0.08358208955223881
13 0.2597560975609756 0.7970149253731343 0.29024390243902437 0.0955223880597015
1 0.11097560975609756 0.0880597014925373 0.21707317073170732 0.1701492537313433
13 0.2682926829268293 0.9149253731343283 0.2975609756097561 0.09850746268656717
13 0.3195121951219512 0.9149253731343283 0.4097560975609756 0.11044776119402985
11 0.32682926829268294 0.9149253731343283 0.17073170731707318 0.08656716417910448
11 0.16829268292682928 0.9164179104477612 0.08292682926829269 0.08358208955223881
13 0.501219512195122 0.2373134328358209 0.4902439024390244 0.11641791044776119
11 0.4951219512195122 0.23880597014925373 0.08292682926829269 0.08358208955223881
13 0.5939024390243902 0.23880597014925373 0.29024390243902437 0.0955223880597015
11 0.65 0.23880597014925373 0.16341463414634147 0.08358208955223881