11 0.3762135922330097 0.2756916996047431 0.16019417475728157 0.05731225296442688
13 0.47572815533980584 0.2766798418972332 0.5242718446601942 0.06719367588932806
8 0.44660194174757284 0.3458498023715415 0.6601941747572816 0.06324110671936758
13 0.5242718446601942 0.4575098814229249 0.5242718446601942 0.06521739130434782
11 0.42718446601941745 0.4575098814229249 0.1650485436893204 0.05731225296442688
8 0.5242718446601942 0.5266798418972332 0.7184466019417476 0.06521739130434782
11 0.48058252427184467 0.6383399209486166 0.1650485436893204 0.05533596837944664
13 0.5800970873786407 0.6393280632411067 0.5194174757281553 0.06521739130434782
8 0.5194174757281553 0.7094861660079052 0.6019417475728155 0.06324110671936758
11 0.32281553398058255 0.12648221343873517 0.16990291262135923 0.05533596837944664
13 0.4199029126213592 0.12648221343873517 0.529126213592233 0.06719367588932806