13 0.46116504854368934 0.20278637770897834 0.38349514563106796 0.05263157894736842
11 0.41262135922330095 0.20356037151702785 0.20388349514563106 0.04179566563467492
6 0.45024271844660196 0.31191950464396284 0.7888349514563107 0.047987616099071206
7 0.20752427184466019 0.03560371517027864 0.4053398058252427 0.06811145510835913
6 0.4563106796116505 0.3622291021671827 0.8009708737864077 0.04953560371517028
6 0.39927184466019416 0.4117647058823529 0.6868932038834952 0.04953560371517028
6 0.39927184466019416 0.4613003095975232 0.6868932038834952 0.04643962848297214
6 0.5157766990291263 0.5116099071207431 0.9150485436893204 0.05108359133126935
6 0.5266990291262136 0.5626934984520123 0.9368932038834952 0.05108359133126935
6 0.4308252427184466 0.6137770897832817 0.75 0.047987616099071206
6 0.4393203883495146 0.663312693498452 0.7621359223300971 0.047987616099071206
11 0.3288834951456311 0.8018575851393189 0.20631067961165048 0.043343653250773995
13 0.3786407766990291 0.8018575851393189 0.3883495145631068 0.04953560371517028
6 0.27427184466019416 0.9063467492260062 0.4368932038834951 0.05108359133126935