2 0.093841642228739 0.2605042016806723 0.04985337243401759 0.047058823529411764
2 0.17008797653958943 0.26134453781512607 0.04985337243401759 0.0453781512605042
4 0.07258064516129033 0.32100840336134456 0.14222873900293256 0.06050420168067227
5 0.06378299120234604 0.38487394957983195 0.1217008797653959 0.06050420168067227
1 0.17888563049853373 0.04957983193277311 0.3519061583577713 0.0957983193277311
2 0.24193548387096775 0.5100840336134453 0.04985337243401759 0.0453781512605042
13 0.2727272727272727 0.5100840336134453 0.11730205278592376 0.05546218487394958
13 0.12756598240469208 0.5100840336134453 0.11730205278592376 0.05546218487394958
2 0.09824046920821114 0.5109243697478991 0.04985337243401759 0.043697478991596636
2 0.1840175953079179 0.052100840336134456 0.045454545454545456 0.043697478991596636
2 0.23826979472140764 0.052100840336134456 0.04838709677419355 0.043697478991596636
2 0.30425219941348974 0.052941176470588235 0.0689149560117302 0.0453781512605042
4 0.07404692082111437 0.5747899159663865 0.14222873900293256 0.06050420168067227
2 0.09750733137829912 0.6378151260504201 0.04838709677419355 0.04873949579831933
13 0.12976539589442815 0.6378151260504201 0.1217008797653959 0.05546218487394958
2 0.0967741935483871 0.7016806722689075 0.0469208211143695 0.04873949579831933
13 0.12903225806451613 0.7016806722689075 0.12023460410557185 0.05546218487394958
2 0.09750733137829912 0.7655462184873949 0.04838709677419355 0.0453781512605042
13 0.1282991202346041 0.7655462184873949 0.1187683284457478 0.052100840336134456
13 0.12756598240469208 0.8277310924369747 0.11730205278592376 0.05546218487394958
2 0.09750733137829912 0.8285714285714286 0.04838709677419355 0.047058823529411764
5 0.06378299120234604 0.892436974789916 0.1217008797653959 0.06050420168067227
11 0.2316715542521994 0.13361344537815126 0.0469208211143695 0.0453781512605042
11 0.5593841642228738 0.13361344537815126 0.04838709677419355 0.0453781512605042
11 0.9442815249266863 0.13361344537815126 0.08504398826979472 0.0453781512605042
13 0.23460410557184752 0.13445378151260504 0.1935483870967742 0.06386554621848739
13 0.593108504398827 0.13445378151260504 0.12463343108504399 0.05714285714285714
13 0.26466275659824046 0.13529411764705881 0.12463343108504399 0.05546218487394958