13 0.2718531468531469 0.23478260869565218 0.3583916083916084 0.04927536231884058
11 0.5777972027972028 0.29347826086956524 0.057692307692307696 0.0391304347826087
13 0.6162587412587412 0.29347826086956524 0.1451048951048951 0.04782608695652174
11 0.2097902097902098 0.2942028985507246 0.05944055944055944 0.04057971014492753
2 0.12937062937062938 0.030434782608695653 0.08391608391608392 0.04057971014492753
13 0.16958041958041958 0.03188405797101449 0.22377622377622378 0.04927536231884058
4 0.125 0.3521739130434783 0.16958041958041958 0.05217391304347826
11 0.6643356643356644 0.4101449275362319 0.055944055944055944 0.04057971014492753
11 0.21416083916083917 0.4108695652173913 0.057692307692307696 0.0391304347826087
13 0.2526223776223776 0.4108695652173913 0.1451048951048951 0.04782608695652174
13 0.7019230769230769 0.4108695652173913 0.1451048951048951 0.04782608695652174
5 0.11276223776223776 0.46956521739130436 0.1451048951048951 0.05217391304347826
0 0.4781468531468531 0.6297101449275362 0.9143356643356644 0.04782608695652174
11 0.8732517482517482 0.6304347826086957 0.10664335664335664 0.03768115942028986
13 0.19230769230769232 0.6811594202898551 0.23076923076923078 0.04927536231884058
2 0.1486013986013986 0.6811594202898551 0.08391608391608392 0.04057971014492753
13 0.40034965034965037 0.7507246376811594 0.12937062937062938 0.043478260869565216
13 0.5629370629370629 0.7514492753623189 0.6293706293706294 0.07681159420289856
13 0.6013986013986014 0.7514492753623189 0.541958041958042 0.07101449275362319
13 0.6407342657342657 0.7514492753623189 0.291958041958042 0.0536231884057971
13 0.6783216783216783 0.7514492753623189 0.3776223776223776 0.06231884057971015
13 0.6984265734265734 0.7514492753623189 0.1660839160839161 0.04782608695652174
2 0.7403846153846154 0.7514492753623189 0.07167832167832168 0.0391304347826087
0 0.43356643356643354 0.13695652173913042 0.8251748251748252 0.04782608695652174