13 0.2504159733777038 0.45691609977324266 0.2978369384359401 0.07482993197278912
11 0.2978369384359401 0.45691609977324266 0.19633943427620631 0.06575963718820861
11 0.5607321131447587 0.45691609977324266 0.07653910149750416 0.06575963718820861
13 0.6256239600665557 0.45691609977324266 0.39933444259567386 0.08843537414965986
11 0.7229617304492513 0.45691609977324266 0.194675540765391 0.06575963718820861
11 0.14226289517470883 0.45691609977324266 0.07154742096505824 0.061224489795918366
13 0.5 0.4580498866213152 0.8036605657237936 0.11337868480725624
13 0.6589018302828619 0.4580498866213152 0.47587354409317806 0.09977324263038549
15 0.10232945091514144 0.049886621315192746 0.19800332778702162 0.09977324263038549
11 0.23544093178036607 0.5668934240362812 0.07487520798668885 0.06349206349206349
11 0.33943427620632277 0.5668934240362812 0.06988352745424292 0.06349206349206349
13 0.23710482529118138 0.5680272108843537 0.3277870216306156 0.08843537414965986
11 0.29866888519134777 0.8537414965986394 0.07154742096505824 0.061224489795918366
10 0.24459234608985025 0.854875283446712 0.41264559068219636 0.08616780045351474
11 0.40099833610648916 0.854875283446712 0.07653910149750416 0.06349206349206349