8 0.2988338192419825 0.25 0.5860058309037901 0.050314465408805034
6 0.35276967930029157 0.3011006289308176 0.6938775510204082 0.05188679245283019
8 0.30612244897959184 0.3522012578616352 0.6005830903790087 0.050314465408805034
7 0.24198250728862974 0.036949685534591194 0.47230320699708456 0.06761006289308176
6 0.36588921282798836 0.4025157232704403 0.7201166180758017 0.050314465408805034
8 0.35714285714285715 0.45361635220125784 0.7084548104956269 0.05188679245283019
8 0.1967930029154519 0.5055031446540881 0.3877551020408163 0.04874213836477988
6 0.4227405247813411 0.5566037735849056 0.8338192419825073 0.050314465408805034
8 0.25072886297376096 0.6061320754716981 0.4897959183673469 0.05188679245283019
6 0.4897959183673469 0.6588050314465409 0.967930029154519 0.050314465408805034
8 0.2594752186588921 0.7083333333333334 0.5131195335276968 0.05188679245283019
6 0.49854227405247814 0.7594339622641509 0.9854227405247813 0.050314465408805034
8 0.29737609329446063 0.8105345911949685 0.5889212827988338 0.05188679245283019
6 0.3556851311953353 0.8616352201257862 0.6997084548104956 0.050314465408805034
8 0.30612244897959184 0.9119496855345912 0.6005830903790087 0.050314465408805034
6 0.38629737609329445 0.9630503144654088 0.760932944606414 0.05188679245283019
6 0.4489795918367347 0.09748427672955975 0.8862973760932945 0.050314465408805034
8 0.260932944606414 0.14779874213836477 0.5102040816326531 0.050314465408805034