3 0.116 0.19593345656192238 0.2297142857142857 0.059149722735674676
11 0.16057142857142856 0.27171903881700554 0.05142857142857143 0.051756007393715345
13 0.26914285714285713 0.27171903881700554 0.1382857142857143 0.06284658040665435
0 0.30514285714285716 0.27171903881700554 0.5851428571428572 0.09242144177449169
11 0.3097142857142857 0.27171903881700554 0.05028571428571429 0.051756007393715345
13 0.21257142857142858 0.27264325323475047 0.26285714285714284 0.08317929759704251
13 0.236 0.27264325323475047 0.20914285714285713 0.07208872458410351
13 0.46914285714285714 0.27264325323475047 0.24114285714285713 0.07208872458410351
13 0.5165714285714286 0.2735674676524954 0.13942857142857143 0.059149722735674676
11 0.5577142857142857 0.2735674676524954 0.05028571428571429 0.051756007393715345
3 0.5005714285714286 0.4713493530499076 0.9965714285714286 0.10720887245841035
13 0.7217142857142858 0.4713493530499076 0.14971428571428572 0.059149722735674676
1 0.052571428571428575 0.053604436229205174 0.10285714285714286 0.10351201478743069
11 0.08171428571428571 0.7264325323475046 0.037714285714285714 0.051756007393715345
13 0.11028571428571429 0.7273567467652495 0.1337142857142857 0.06099815157116451
0 0.045142857142857144 0.7975970425138632 0.06285714285714286 0.06099815157116451
0 0.026857142857142857 0.8964879852125693 0.04914285714285714 0.06284658040665435
8 0.08857142857142856 0.9584103512014788 0.17485714285714285 0.06099815157116451
11 0.10457142857142857 0.1377079482439926 0.05142857142857143 0.04990757855822551