8 0.3961352657004831 0.22590361445783133 0.6666666666666666 0.06224899598393574
11 0.37681159420289856 0.3393574297188755 0.1642512077294686 0.05622489959839357
13 0.4758454106280193 0.3393574297188755 0.5169082125603864 0.06827309236947791
8 0.46618357487922707 0.4086345381526104 0.7004830917874396 0.06224899598393574
11 0.42995169082125606 0.5230923694779116 0.15458937198067632 0.05421686746987952
13 0.5265700483091788 0.5240963855421686 0.5217391304347826 0.06827309236947791
1 0.3115942028985507 0.05923694779116466 0.6038647342995169 0.1144578313253012
8 0.47342995169082125 0.5933734939759037 0.6086956521739131 0.06626506024096386
13 0.5797101449275363 0.7068273092369478 0.5217391304347826 0.06827309236947791
11 0.4782608695652174 0.7088353413654619 0.15458937198067632 0.05622489959839357
8 0.5700483091787439 0.7791164658634538 0.6956521739130435 0.0642570281124498
11 0.32367149758454106 0.15562248995983935 0.15458937198067632 0.05421686746987952
13 0.42028985507246375 0.15562248995983935 0.5217391304347826 0.06626506024096386