11 0.3397291196388262 0.25481386392811295 0.11963882618510158 0.03465982028241335
13 0.618510158013544 0.25481386392811295 0.7313769751693002 0.06290115532734275
13 0.3837471783295711 0.2554557124518614 0.22573363431151242 0.0410783055198973
13 0.49887133182844245 0.2554557124518614 0.4650112866817156 0.04878048780487805
13 0.5654627539503386 0.2554557124518614 0.6117381489841986 0.05648267008985879
13 0.6275395033860045 0.2554557124518614 0.1986455981941309 0.0410783055198973
11 0.18397291196388263 0.3523748395378691 0.10609480812641084 0.03465982028241335
1 0.10270880361173815 0.037869062901155326 0.20090293453724606 0.07317073170731707
4 0.136568848758465 0.39730423620025673 0.21896162528216703 0.04749679075738126
11 0.18397291196388263 0.4428754813863928 0.10609480812641084 0.03337612323491656
5 0.11963882618510158 0.4871630295250321 0.18510158013544017 0.044929396662387676
13 0.3792325056433409 0.6148908857509627 0.22121896162528218 0.0410783055198973
13 0.6230248306997742 0.6148908857509627 0.1986455981941309 0.0410783055198973
11 0.3329571106094808 0.6155327342747111 0.11963882618510158 0.03465982028241335
13 0.5609480812641083 0.6155327342747111 0.6117381489841986 0.055198973042362
13 0.6139954853273137 0.6155327342747111 0.7313769751693002 0.06290115532734275
13 0.49435665914221216 0.6161745827984596 0.4650112866817156 0.04878048780487805
11 0.30812641083521447 0.7124518613607189 0.10158013544018059 0.03594351732991014
4 0.136568848758465 0.7580231065468549 0.21896162528216703 0.04749679075738126
11 0.3002257336343115 0.8029525032092426 0.1038374717832957 0.03465982028241335
5 0.11963882618510158 0.8472400513478819 0.18510158013544017 0.04621309370988447
5 0.09593679458239278 0.09884467265725289 0.1873589164785553 0.04621309370988447