11 0.5492610837438424 0.326302729528536 0.29064039408866993 0.06699751861042183
11 0.5615763546798029 0.4119106699751861 0.2955665024630542 0.06947890818858561
13 0.6847290640394089 0.4143920595533499 0.5615763546798029 0.0794044665012407
13 0.45320197044334976 0.05086848635235732 0.5714285714285714 0.08188585607940446
11 0.5640394088669951 0.5062034739454094 0.30049261083743845 0.06947890818858561
13 0.6822660098522167 0.5086848635235732 0.5566502463054187 0.0794044665012407
11 0.3497536945812808 0.052109181141439205 0.19704433497536947 0.07444168734491315
11 0.5665024630541872 0.6004962779156328 0.2955665024630542 0.06947890818858561
13 0.6748768472906403 0.6017369727047146 0.541871921182266 0.08188585607940446
5 0.2684729064039409 0.6947890818858561 0.4088669950738916 0.08933002481389578
11 0.5640394088669951 0.7890818858560794 0.29064039408866993 0.06947890818858561
13 0.6847290640394089 0.7890818858560794 0.5615763546798029 0.0794044665012407
11 0.5640394088669951 0.8833746898263027 0.30049261083743845 0.06947890818858561
13 0.6822660098522167 0.8833746898263027 0.5566502463054187 0.0794044665012407
4 0.30049261083743845 0.14516129032258066 0.4729064039408867 0.09181141439205956
11 0.5640394088669951 0.23945409429280398 0.30049261083743845 0.06699751861042183
13 0.6748768472906403 0.24069478908188585 0.541871921182266 0.0794044665012407