3 0.14285714285714285 0.15504451038575667 0.24803767660910517 0.04599406528189911
0 0.10282574568288853 0.20252225519287834 0.13343799058084774 0.04896142433234421
13 0.2684458398744113 0.04228486646884273 0.41444270015698587 0.06379821958456973
13 0.7291993720565149 0.04228486646884273 0.42229199372056514 0.06379821958456973
13 0.2943485086342229 0.04302670623145401 0.16797488226059654 0.050445103857566766
13 0.7001569858712716 0.04302670623145401 0.29827315541601257 0.05637982195845697
13 0.7558869701726845 0.04302670623145401 0.17739403453689168 0.050445103857566766
13 0.23861852433281006 0.04376854599406528 0.28885400313971743 0.057863501483679525
0 0.18681318681318682 0.6120178041543026 0.3704866562009419 0.04896142433234421
0 0.1836734693877551 0.6594955489614244 0.3642072213500785 0.04599406528189911
0 0.18602825745682888 0.7077151335311572 0.36891679748822603 0.04747774480712166
0 0.4654631083202512 0.8679525222551929 0.9277864992150706 0.04747774480712166
0 0.46153846153846156 0.9161721068249258 0.9199372056514914 0.04896142433234421
0 0.44819466248037676 0.9643916913946587 0.8932496075353218 0.04747774480712166
0 0.2032967032967033 0.10608308605341246 0.36891679748822603 0.04896142433234421