2 0.18079470198675496 0.3409090909090909 0.04370860927152318 0.07954545454545454
2 0.152317880794702 0.4403409090909091 0.045033112582781455 0.07954545454545454
2 0.0847682119205298 0.44176136363636365 0.045033112582781455 0.08238636363636363
4 0.06556291390728476 0.5426136363636364 0.12847682119205298 0.10795454545454546
2 0.152317880794702 0.6392045454545454 0.045033112582781455 0.07954545454545454
2 0.0847682119205298 0.6420454545454546 0.045033112582781455 0.07954545454545454
2 0.15364238410596026 0.7329545454545454 0.045033112582781455 0.07954545454545454
2 0.0847682119205298 0.7329545454545454 0.045033112582781455 0.07954545454545454
1 0.2324503311258278 0.08238636363636363 0.4596026490066225 0.1590909090909091
2 0.08410596026490066 0.8238636363636364 0.04370860927152318 0.07954545454545454
2 0.15364238410596026 0.8252840909090909 0.045033112582781455 0.07670454545454546
2 0.15364238410596026 0.08806818181818182 0.0423841059602649 0.07386363636363637
2 0.20264900662251656 0.08806818181818182 0.0423841059602649 0.07386363636363637
2 0.25231788079470197 0.08948863636363637 0.04370860927152318 0.07670454545454546
2 0.3033112582781457 0.08948863636363637 0.0423841059602649 0.07670454545454546
2 0.42649006622516555 0.08948863636363637 0.0423841059602649 0.07670454545454546
5 0.056291390728476824 0.9275568181818182 0.10993377483443709 0.10511363636363637
2 0.16887417218543047 0.22443181818181818 0.04370860927152318 0.07386363636363637
2 0.2185430463576159 0.22585227272727273 0.0423841059602649 0.08238636363636363
2 0.2695364238410596 0.22585227272727273 0.046357615894039736 0.07670454545454546
2 0.36887417218543045 0.22585227272727273 0.04370860927152318 0.07670454545454546
2 0.5629139072847682 0.22585227272727273 0.045033112582781455 0.08238636363636363
13 0.8145695364238411 0.22585227272727273 0.11390728476821192 0.09375
2 0.8456953642384106 0.22585227272727273 0.04370860927152318 0.07670454545454546
2 0.9059602649006623 0.22585227272727273 0.045033112582781455 0.07670454545454546
13 0.9357615894039735 0.22585227272727273 0.11258278145695365 0.09375
2 0.11920529801324503 0.22585227272727273 0.0423841059602649 0.07670454545454546
2 0.31986754966887415 0.22727272727272727 0.04370860927152318 0.07954545454545454
0 0.5013245033112583 0.22727272727272727 0.9973509933774835 0.125
13 0.5470198675496689 0.22727272727272727 0.21456953642384105 0.10795454545454546
13 0.5940397350993377 0.22727272727272727 0.1152317880794702 0.09090909090909091
2 0.6251655629139072 0.22727272727272727 0.045033112582781455 0.07954545454545454
13 0.766887417218543 0.22727272727272727 0.21456953642384105 0.10795454545454546
2 0.7834437086092715 0.22727272727272727 0.04370860927152318 0.07954545454545454