3 0.5009861932938856 0.2835164835164835 0.9940828402366864 0.09230769230769231
6 0.2406311637080868 0.3648351648351648 0.4339250493096647 0.07032967032967033
13 0.2988165680473373 0.3659340659340659 0.2938856015779093 0.05934065934065934
8 0.3826429980276134 0.45494505494505494 0.7140039447731755 0.1054945054945055
13 0.47337278106508873 0.45494505494505494 0.20907297830374755 0.07472527472527472
11 0.43096646942800787 0.45604395604395603 0.10848126232741617 0.05934065934065934
13 0.2702169625246548 0.6263736263736264 0.3629191321499014 0.08791208791208792
11 0.2692307692307692 0.6274725274725275 0.1242603550295858 0.05934065934065934
13 0.23274161735700197 0.6285714285714286 0.20907297830374755 0.07032967032967033
1 0.09270216962524655 0.06593406593406594 0.17357001972386588 0.12307692307692308
8 0.16370808678500987 0.710989010989011 0.23668639053254437 0.07252747252747253
8 0.34812623274161736 0.1813186813186813 0.6883629191321499 0.10329670329670329
11 0.3826429980276134 0.1813186813186813 0.11045364891518737 0.05934065934065934
13 0.4270216962524655 0.1824175824175824 0.20710059171597633 0.07472527472527472