2 0.3119266055045872 0.2583135391923991 0.1743119266055046 0.0344418052256532
13 0.40825688073394495 0.2583135391923991 0.5137614678899083 0.04156769596199525
1 0.3876146788990826 0.035629453681710214 0.7660550458715596 0.0688836104513064
2 0.6376146788990825 0.037410926365795724 0.1651376146788991 0.029691211401425176
4 0.22706422018348624 0.37292161520190026 0.44495412844036697 0.04513064133016627
5 0.19495412844036697 0.4578384798099763 0.38073394495412843 0.043942992874109264
11 0.5298165137614679 0.4994061757719715 0.15137614678899083 0.032066508313539195
11 0.29357798165137616 0.4994061757719715 0.1559633027522936 0.032066508313539195
4 0.22706422018348624 0.6306413301662708 0.44495412844036697 0.04513064133016627
5 0.19495412844036697 0.6757719714964371 0.38073394495412843 0.04275534441805225
4 0.22706422018348624 0.8485748218527316 0.44495412844036697 0.043942992874109264
5 0.19495412844036697 0.9714964370546318 0.38073394495412843 0.04513064133016627