13 0.6884384384384384 0.3173076923076923 0.5900900900900901 0.09230769230769231
13 0.774024024024024 0.3173076923076923 0.11561561561561562 0.06153846153846154
2 0.8025525525525525 0.3173076923076923 0.04954954954954955 0.05384615384615385
13 0.5540540540540541 0.31826923076923075 0.11411411411411411 0.06346153846153846
13 0.5885885885885885 0.31826923076923075 0.7987987987987988 0.10192307692307692
13 0.6186186186186187 0.31826923076923075 0.44144144144144143 0.08269230769230769
13 0.9219219219219219 0.31826923076923075 0.11711711711711711 0.06346153846153846
2 0.9504504504504504 0.31826923076923075 0.05105105105105105 0.051923076923076926
13 0.28153153153153154 0.3192307692307692 0.17267267267267267 0.05384615384615385
13 0.509009009009009 0.3192307692307692 0.2132132132132132 0.07307692307692308
2 0.5825825825825826 0.3192307692307692 0.05105105105105105 0.05384615384615385
13 0.737987987987988 0.3192307692307692 0.1966966966966967 0.07307692307692308
4 0.07732732732732733 0.5471153846153847 0.14564564564564564 0.0673076923076923
1 0.16666666666666666 0.06057692307692308 0.32432432432432434 0.10961538461538461
2 0.17417417417417416 0.0625 0.04504504504504504 0.051923076923076926
2 0.2882882882882883 0.06346153846153846 0.04504504504504504 0.05
2 0.23198198198198197 0.06538461538461539 0.046546546546546545 0.05
5 0.06681681681681682 0.6817307692307693 0.12462462462462462 0.07115384615384615
4 0.07732732732732733 0.8182692307692307 0.14564564564564564 0.07115384615384615
5 0.06681681681681682 0.9509615384615384 0.12462462462462462 0.07115384615384615
5 0.06681681681681682 0.1519230769230769 0.12462462462462462 0.07307692307692308