13 0.6455223880597015 0.29138321995464855 0.654228855721393 0.07482993197278912
13 0.5310945273631841 0.2925170068027211 0.41044776119402987 0.06349206349206349
11 0.8718905472636815 0.2925170068027211 0.19154228855721392 0.06349206349206349
13 0.5310945273631841 0.3764172335600907 0.41044776119402987 0.06349206349206349
11 0.8718905472636815 0.3764172335600907 0.19154228855721392 0.06349206349206349
13 0.6467661691542289 0.37755102040816324 0.6567164179104478 0.07482993197278912
15 0.1517412935323383 0.05102040816326531 0.29850746268656714 0.10204081632653061
10 0.2512437810945274 0.5294784580498866 0.4427860696517413 0.07482993197278912
13 0.34328358208955223 0.6099773242630385 0.39303482587064675 0.07256235827664399
11 0.43905472636815923 0.6099773242630385 0.19154228855721392 0.06349206349206349
11 0.6728855721393034 0.6099773242630385 0.15671641791044777 0.06349206349206349
11 0.8805970149253731 0.6099773242630385 0.19402985074626866 0.06349206349206349
11 0.23134328358208955 0.6099773242630385 0.15920398009950248 0.06349206349206349
13 0.7848258706467661 0.6111111111111112 0.39552238805970147 0.07482993197278912
10 0.2512437810945274 0.6893424036281179 0.4427860696517413 0.07256235827664399