13 0.5803858520900321 0.16397415185783523 0.40836012861736337 0.05331179321486268
11 0.4533762057877814 0.16478190630048464 0.13504823151125403 0.045234248788368334
11 0.4533762057877814 0.22536348949919224 0.13504823151125403 0.04361873990306947
13 0.5803858520900321 0.22536348949919224 0.40836012861736337 0.05331179321486268
13 0.6527331189710611 0.28190630048465265 0.48231511254019294 0.04361873990306947
13 0.6527331189710611 0.3344103392568659 0.48231511254019294 0.045234248788368334
15 0.1977491961414791 0.036348949919224556 0.38263665594855306 0.06946688206785137
11 0.4758842443729904 0.5048465266558966 0.13504823151125403 0.04361873990306947
11 0.7041800643086816 0.5048465266558966 0.16720257234726688 0.04361873990306947
13 0.7958199356913184 0.5048465266558966 0.3633440514469453 0.05331179321486268
11 0.9019292604501608 0.5048465266558966 0.1382636655948553 0.04361873990306947
11 0.28135048231511256 0.5048465266558966 0.1639871382636656 0.04361873990306947
13 0.37138263665594856 0.505654281098546 0.3633440514469453 0.051696284329563816
11 0.5643086816720257 0.561389337641357 0.20257234726688103 0.04361873990306947
11 0.5643086816720257 0.6130856219709209 0.20257234726688103 0.04361873990306947
4 0.1945337620578778 0.722940226171244 0.31189710610932475 0.05977382875605816
5 0.1720257234726688 0.7835218093699515 0.26688102893890675 0.061389337641357025
13 0.36012861736334406 0.8441033925686591 0.43729903536977494 0.05331179321486268
11 0.27813504823151125 0.8449111470113085 0.1639871382636656 0.045234248788368334