11 0.1675 0.03328050713153724 0.08 0.044374009508716325
13 0.2225 0.03328050713153724 0.28 0.05388272583201268
13 0.5425 0.3328050713153724 0.66 0.07606973058637084
11 0.56125 0.3328050713153724 0.0825 0.044374009508716325
13 0.5925 0.3328050713153724 0.775 0.08557844690966719
13 0.59875 0.3328050713153724 0.5325 0.06973058637083994
13 0.6125 0.3328050713153724 0.2 0.05071315372424723
13 0.68125 0.3328050713153724 0.3525 0.060221870047543584
11 0.8025 0.3328050713153724 0.1 0.044374009508716325
4 0.1525 0.40966719492868464 0.24 0.058637083993660855
5 0.13625 0.4706814580031696 0.2075 0.05705229793977813
4 0.15375 0.7004754358161648 0.2425 0.05705229793977813
5 0.13625 0.7606973058637084 0.2075 0.05705229793977813
11 0.18875 0.8676703645007924 0.0825 0.042789223454833596