10 0.1796875 0.3368237347294939 0.35044642857142855 0.055846422338568937
1 0.11049107142857142 0.05148342059336824 0.21205357142857142 0.09947643979057591
13 0.5078125 0.5165794066317626 0.8236607142857143 0.06631762652705062
11 0.8348214285714286 0.5165794066317626 0.09821428571428571 0.04537521815008726
11 0.3705357142857143 0.5174520069808028 0.29910714285714285 0.04712041884816754
11 0.39285714285714285 0.5907504363001745 0.29910714285714285 0.04712041884816754
13 0.5256696428571429 0.5924956369982548 0.8058035714285714 0.06806282722513089
11 0.6272321428571429 0.6631762652705061 0.29910714285714285 0.04886561954624782
11 0.6294642857142857 0.7286212914485166 0.29910714285714285 0.04712041884816754
14 0.24107142857142858 0.7897033158813264 0.32589285714285715 0.05410122164048865
13 0.18526785714285715 0.12914485165794065 0.22321428571428573 0.04886561954624782