11 0.6776061776061776 0.2816593886462882 0.16602316602316602 0.0611353711790393
2 0.8996138996138996 0.2816593886462882 0.13127413127413126 0.0611353711790393
13 0.38996138996138996 0.3646288209606987 0.44787644787644787 0.07423580786026202
11 0.3108108108108108 0.3646288209606987 0.1583011583011583 0.0611353711790393
4 0.27413127413127414 0.4465065502183406 0.37065637065637064 0.08078602620087336
2 0.44015444015444016 0.04585152838427948 0.13127413127413126 0.0611353711790393
11 0.47104247104247104 0.5240174672489083 0.23166023166023167 0.0611353711790393
11 0.4806949806949807 0.6004366812227074 0.2277992277992278 0.0611353711790393
13 0.5656370656370656 0.601528384279476 0.42857142857142855 0.07205240174672489
11 0.4806949806949807 0.6823144104803494 0.23552123552123552 0.06331877729257641
13 0.5617760617760618 0.6823144104803494 0.41312741312741313 0.07205240174672489
11 0.4806949806949807 0.7652838427947598 0.23552123552123552 0.05895196506550218
13 0.5733590733590733 0.7663755458515283 0.4362934362934363 0.06986899563318777
5 0.2471042471042471 0.8493449781659389 0.3166023166023166 0.08296943231441048
11 0.44015444015444016 0.12882096069868995 0.23166023166023167 0.0611353711790393
13 0.5366795366795367 0.12882096069868995 0.44787644787644787 0.06986899563318777