5 0.11944444444444445 0.14031620553359683 0.22777777777777777 0.048748353096179184
11 0.5152777777777777 0.19104084321475626 0.11944444444444445 0.034255599472990776
13 0.4597222222222222 0.191699604743083 0.24722222222222223 0.04084321475625823
13 0.5 0.23978919631093545 0.3055555555555556 0.034255599472990776
13 0.7791666666666667 0.29314888010540185 0.4027777777777778 0.048748353096179184
13 0.3958333333333333 0.2938076416337286 0.24722222222222223 0.04216073781291173
11 0.4527777777777778 0.2938076416337286 0.11666666666666667 0.034255599472990776
11 0.6319444444444444 0.2938076416337286 0.09166666666666666 0.03689064558629776
13 0.8472222222222222 0.2938076416337286 0.25 0.04216073781291173
11 0.1875 0.2938076416337286 0.09166666666666666 0.034255599472990776
13 0.32916666666666666 0.29446640316205536 0.39166666666666666 0.048748353096179184
11 0.9041666666666667 0.29446640316205536 0.11944444444444445 0.03557312252964427
13 0.39444444444444443 0.030303030303030304 0.24444444444444444 0.04216073781291173
11 0.4513888888888889 0.030303030303030304 0.11944444444444445 0.03689064558629776
13 0.3263888888888889 0.030961791831357048 0.39166666666666666 0.048748353096179184
11 0.18472222222222223 0.030961791831357048 0.09166666666666666 0.03557312252964427
4 0.1388888888888889 0.347167325428195 0.26666666666666666 0.048748353096179184
5 0.12083333333333333 0.39723320158102765 0.23055555555555557 0.048748353096179184
13 0.4013888888888889 0.4499341238471673 0.24722222222222223 0.043478260869565216
11 0.18333333333333332 0.4499341238471673 0.08888888888888889 0.03557312252964427
13 0.33194444444444443 0.4505928853754941 0.3972222222222222 0.05006587615283267
11 0.45694444444444443 0.4505928853754941 0.11944444444444445 0.03689064558629776
4 0.1388888888888889 0.5039525691699605 0.26666666666666666 0.048748353096179184
5 0.12083333333333333 0.5527009222661396 0.23055555555555557 0.048748353096179184
11 0.5152777777777777 0.6034255599472991 0.11944444444444445 0.03689064558629776
13 0.4583333333333333 0.6040843214756259 0.25 0.04084321475625823
13 0.4513888888888889 0.6534914361001317 0.20833333333333334 0.03689064558629776
13 0.39444444444444443 0.7061923583662714 0.24444444444444444 0.04216073781291173
13 0.7777777777777778 0.7061923583662714 0.4 0.05006587615283267
11 0.1875 0.7061923583662714 0.09166666666666666 0.03689064558629776
11 0.4513888888888889 0.7068511198945981 0.11944444444444445 0.03557312252964427
11 0.6319444444444444 0.7068511198945981 0.09166666666666666 0.03557312252964427
13 0.8486111111111111 0.7068511198945981 0.24722222222222223 0.043478260869565216
11 0.9041666666666667 0.7068511198945981 0.11944444444444445 0.03557312252964427
13 0.33055555555555555 0.7075098814229249 0.3888888888888889 0.05006587615283267
4 0.14027777777777778 0.7608695652173914 0.26944444444444443 0.048748353096179184
5 0.12083333333333333 0.8096179183135704 0.23055555555555557 0.048748353096179184
13 0.3333333333333333 0.8629776021080369 0.4 0.04743083003952569
13 0.4013888888888889 0.8629776021080369 0.24722222222222223 0.04216073781291173
11 0.18472222222222223 0.8629776021080369 0.09166666666666666 0.03689064558629776
11 0.4583333333333333 0.8636363636363636 0.12222222222222222 0.03557312252964427
13 0.39444444444444443 0.08695652173913043 0.24444444444444444 0.04216073781291173
13 0.3277777777777778 0.08761528326745718 0.39444444444444443 0.048748353096179184
11 0.4513888888888889 0.08761528326745718 0.11944444444444445 0.03557312252964427
11 0.18472222222222223 0.08761528326745718 0.09166666666666666 0.03557312252964427
4 0.14027777777777778 0.9169960474308301 0.26944444444444443 0.04743083003952569
5 0.12083333333333333 0.9670619235836627 0.23055555555555557 0.05006587615283267