13 0.3729096989966555 0.3083219645293315 0.451505016722408 0.04638472032742155
11 0.29264214046822745 0.3083219645293315 0.17725752508361203 0.03819918144611187
7 0.23411371237458195 0.03137789904502047 0.45484949832775917 0.06002728512960437
13 0.39464882943143814 0.4106412005457026 0.4214046822742475 0.04638472032742155
11 0.31605351170568563 0.4106412005457026 0.1505016722408027 0.03819918144611187
13 0.4782608695652174 0.4597544338335607 0.5150501672240803 0.03819918144611187
11 0.3528428093645485 0.5361527967257844 0.1505016722408027 0.03819918144611187
13 0.4414715719063545 0.5361527967257844 0.4414715719063545 0.04638472032742155
13 0.5150501672240803 0.5839017735334243 0.5150501672240803 0.03819918144611187
11 0.3879598662207358 0.6616643929058663 0.15384615384615385 0.03819918144611187
13 0.4782608695652174 0.6616643929058663 0.4414715719063545 0.04638472032742155
13 0.5551839464882943 0.7094133697135061 0.5284280936454849 0.03819918144611187
13 0.5585284280936454 0.7830832196452933 0.5351170568561873 0.03819918144611187
0 0.15217391304347827 0.9154160982264665 0.1505016722408027 0.04638472032742155
10 0.25585284280936454 0.12824010914051842 0.4983277591973244 0.04365620736698499