4 0.1497005988023952 0.41260162601626016 0.2874251497005988 0.15040650406504066
2 0.3473053892215569 0.5548780487804879 0.10179640718562874 0.10975609756097561
2 0.19161676646706588 0.5548780487804879 0.10179640718562874 0.10975609756097561
13 0.36826347305389223 0.717479674796748 0.281437125748503 0.13414634146341464
13 0.6976047904191617 0.717479674796748 0.281437125748503 0.13414634146341464
2 0.3068862275449102 0.7195121951219512 0.1467065868263473 0.11382113821138211
13 0.5329341317365269 0.7195121951219512 0.6287425149700598 0.15447154471544716
13 0.594311377245509 0.7195121951219512 0.7694610778443114 0.17886178861788618
2 0.6332335329341318 0.7195121951219512 0.1347305389221557 0.11382113821138211
2 0.42664670658682635 0.08333333333333333 0.1347305389221557 0.11788617886178862
5 0.12724550898203593 0.8963414634146342 0.24850299401197604 0.15040650406504066
13 0.36077844311377244 0.2459349593495935 0.2844311377245509 0.13414634146341464
13 0.6901197604790419 0.2459349593495935 0.27844311377245506 0.13414634146341464
2 0.2994011976047904 0.24796747967479674 0.1437125748502994 0.11382113821138211
13 0.5254491017964071 0.24796747967479674 0.625748502994012 0.15447154471544716
2 0.625748502994012 0.24796747967479674 0.1317365269461078 0.11382113821138211