6 0.23537604456824512 0.20434131736526945 0.3983286908077994 0.04640718562874251
10 0.32590529247910865 0.25299401197604793 0.5793871866295265 0.04790419161676647
11 0.23259052924791088 0.3997005988023952 0.181058495821727 0.038922155688622756
6 0.2479108635097493 0.49550898203592814 0.4233983286908078 0.04790419161676647
11 0.6323119777158774 0.5845808383233533 0.19498607242339833 0.040419161676646706
13 0.692200557103064 0.5845808383233533 0.403899721448468 0.04940119760479042
13 0.2590529247910863 0.5845808383233533 0.3008356545961003 0.04940119760479042
11 0.20334261838440112 0.5853293413173652 0.0947075208913649 0.041916167664670656
6 0.23537604456824512 0.6407185628742516 0.3983286908077994 0.04790419161676647
10 0.318941504178273 0.6893712574850299 0.5710306406685237 0.04940119760479042
11 0.23119777158774374 0.8360778443113772 0.18384401114206128 0.040419161676646706
13 0.4860724233983287 0.09131736526946108 0.415041782729805 0.041916167664670656
6 0.23676880222841226 0.9333832335329342 0.4011142061281337 0.04940119760479042
13 0.2646239554317549 0.1474550898203593 0.3008356545961003 0.04940119760479042
11 0.6323119777158774 0.14820359281437126 0.19498607242339833 0.041916167664670656
11 0.20334261838440112 0.14820359281437126 0.0947075208913649 0.041916167664670656
13 0.6908077994428969 0.14895209580838323 0.4011142061281337 0.04940119760479042