11 0.391304347826087 0.22907153729071536 0.22826086956521738 0.0410958904109589
13 0.5027173913043478 0.22907153729071536 0.6358695652173914 0.0502283105022831
13 0.5027173913043478 0.0319634703196347 0.6358695652173914 0.0517503805175038
11 0.38858695652173914 0.03272450532724505 0.23369565217391305 0.0410958904109589
0 0.1956521739130435 0.3394216133942161 0.25 0.0487062404870624
11 0.38858695652173914 0.426179604261796 0.23369565217391305 0.0426179604261796
13 0.5027173913043478 0.4269406392694064 0.6358695652173914 0.0502283105022831
0 0.19293478260869565 0.5372907153729072 0.24456521739130435 0.0487062404870624
13 0.5 0.6232876712328768 0.6304347826086957 0.0502283105022831
11 0.391304347826087 0.624048706240487 0.22826086956521738 0.0426179604261796
0 0.1956521739130435 0.7351598173515982 0.25 0.0487062404870624
11 0.391304347826087 0.8211567732115678 0.22826086956521738 0.0410958904109589
13 0.5 0.821917808219178 0.6304347826086957 0.0517503805175038
0 0.1956521739130435 0.9315068493150684 0.25 0.0487062404870624
0 0.19293478260869565 0.1430745814307458 0.24456521739130435 0.0487062404870624