2 0.5634146341463414 0.2863247863247863 0.3073170731707317 0.05982905982905983
13 0.6658536585365854 0.28846153846153844 0.5414634146341464 0.06837606837606838
2 0.5487804878048781 0.3611111111111111 0.3073170731707317 0.05982905982905983
5 0.2634146341463415 0.43696581196581197 0.4 0.07478632478632478
13 0.5024390243902439 0.04487179487179487 0.6829268292682927 0.07264957264957266
2 0.4024390243902439 0.04487179487179487 0.3170731707317073 0.05982905982905983
2 0.5634146341463414 0.5170940170940171 0.3073170731707317 0.05982905982905983
13 0.6658536585365854 0.5181623931623932 0.5414634146341464 0.07051282051282051
2 0.5487804878048781 0.5918803418803419 0.3073170731707317 0.05982905982905983
4 0.2975609756097561 0.6677350427350427 0.4682926829268293 0.07905982905982906
2 0.5487804878048781 0.7425213675213675 0.3073170731707317 0.06196581196581197
5 0.26097560975609757 0.8173076923076923 0.40487804878048783 0.07478632478632478
2 0.5634146341463414 0.8974358974358975 0.3073170731707317 0.05982905982905983
13 0.6634146341463415 0.8985042735042735 0.5365853658536586 0.07051282051282051
2 0.5634146341463414 0.12606837606837606 0.3073170731707317 0.05982905982905983
13 0.6634146341463415 0.12713675213675213 0.5365853658536586 0.07051282051282051
4 0.2951219512195122 0.20726495726495728 0.47317073170731705 0.0811965811965812