11 0.19517543859649122 0.16030534351145037 0.09649122807017543 0.042748091603053436
13 0.2894736842105263 0.16106870229007633 0.35964912280701755 0.050381679389312976
11 0.35855263157894735 0.16106870229007633 0.15570175438596492 0.04122137404580153
11 0.5997807017543859 0.16106870229007633 0.09868421052631579 0.04122137404580153
13 0.6962719298245614 0.16106870229007633 0.3618421052631579 0.050381679389312976
11 0.7631578947368421 0.1618320610687023 0.15789473684210525 0.042748091603053436
3 0.3223684210526316 0.27633587786259545 0.5394736842105263 0.04885496183206107
15 0.13486842105263158 0.0366412213740458 0.26096491228070173 0.06717557251908397
11 0.30153508771929827 0.383969465648855 0.09429824561403509 0.04122137404580153
13 0.34649122807017546 0.383969465648855 0.2543859649122807 0.050381679389312976
11 0.4331140350877193 0.5282442748091603 0.15570175438596492 0.042748091603053436
13 0.4791666666666667 0.5282442748091603 0.26096491228070173 0.04885496183206107
6 0.25109649122807015 0.5809160305343511 0.34868421052631576 0.050381679389312976
0 0.22807017543859648 0.6312977099236641 0.30701754385964913 0.04732824427480916
8 0.24342105263157895 0.6801526717557251 0.33771929824561403 0.050381679389312976
6 0.17653508771929824 0.7954198473282442 0.25219298245614036 0.04885496183206107
8 0.24890350877192982 0.8946564885496183 0.3925438596491228 0.04885496183206107
3 0.42214912280701755 0.0984732824427481 0.8355263157894737 0.05648854961832061