6 0.22371967654986524 0.2268041237113402 0.38274932614555257 0.058419243986254296
8 0.27358490566037735 0.33762886597938147 0.477088948787062 0.05326460481099656
6 0.4420485175202156 0.4321305841924399 0.8140161725067385 0.05670103092783505
8 0.25336927223719674 0.48625429553264604 0.4366576819407008 0.054982817869415807
11 0.33962264150943394 0.6391752577319587 0.40970350404312667 0.048109965635738834
13 0.3935309973045822 0.6391752577319587 0.6091644204851752 0.058419243986254296
8 0.238544474393531 0.6993127147766323 0.40700808625336926 0.054982817869415807
8 0.21024258760107817 0.8479381443298969 0.40970350404312667 0.05326460481099656
0 0.15768194070080863 0.9596219931271478 0.3045822102425876 0.05670103092783505
8 0.16576819407008087 0.10652920962199312 0.32075471698113206 0.054982817869415807
11 0.3059299191374663 0.16666666666666666 0.3423180592991914 0.048109965635738834
13 0.5026954177897575 0.16666666666666666 0.8221024258760108 0.058419243986254296