2 0.5487804878048781 0.18937125748502995 0.3073170731707317 0.040419161676646706
2 0.5634146341463414 0.24176646706586827 0.3073170731707317 0.040419161676646706
13 0.6658536585365854 0.24251497005988024 0.5317073170731708 0.04790419161676647
2 0.5634146341463414 0.29790419161676646 0.3073170731707317 0.041916167664670656
13 0.6634146341463415 0.2994011976047904 0.5365853658536586 0.04790419161676647
13 0.5024390243902439 0.03143712574850299 0.6829268292682927 0.05089820359281437
2 0.4024390243902439 0.03143712574850299 0.3170731707317073 0.041916167664670656
5 0.26097560975609757 0.35404191616766467 0.40487804878048783 0.05538922155688623
2 0.5487804878048781 0.40718562874251496 0.3073170731707317 0.041916167664670656
13 0.5024390243902439 0.49176646706586824 0.6829268292682927 0.04940119760479042
2 0.3975609756097561 0.49251497005988026 0.3170731707317073 0.041916167664670656
2 0.5634146341463414 0.5486526946107785 0.3073170731707317 0.04341317365269461
13 0.6804878048780488 0.5494011976047904 0.5707317073170731 0.04790419161676647
4 0.2975609756097561 0.6047904191616766 0.47804878048780486 0.05389221556886228
2 0.5634146341463414 0.6616766467065869 0.3073170731707317 0.041916167664670656
13 0.6707317073170732 0.6616766467065869 0.551219512195122 0.04790419161676647
2 0.5487804878048781 0.7140718562874252 0.3073170731707317 0.041916167664670656
2 0.5634146341463414 0.7664670658682635 0.3073170731707317 0.041916167664670656
13 0.6658536585365854 0.7664670658682635 0.5317073170731708 0.04790419161676647
2 0.5634146341463414 0.8233532934131736 0.3073170731707317 0.041916167664670656
13 0.6658536585365854 0.8241017964071856 0.5317073170731708 0.04940119760479042
4 0.2951219512195122 0.08682634730538923 0.47317073170731705 0.05389221556886228
5 0.26097560975609757 0.8794910179640718 0.40487804878048783 0.05538922155688623
2 0.551219512195122 0.9326347305389222 0.3121951219512195 0.041916167664670656
2 0.5487804878048781 0.1407185628742515 0.3073170731707317 0.041916167664670656