2 0.40352941176470586 0.22149837133550487 0.14823529411764705 0.04560260586319218
13 0.30941176470588233 0.22231270358306188 0.3458823529411765 0.05374592833876222
2 0.7988235294117647 0.22231270358306188 0.14823529411764705 0.04723127035830619
13 0.8482352941176471 0.22231270358306188 0.2611764705882353 0.05374592833876222
13 0.7552941176470588 0.22312703583061888 0.45647058823529413 0.06188925081433225
2 0.27176470588235296 0.28827361563517917 0.14823529411764705 0.04560260586319218
13 0.32 0.2890879478827362 0.25882352941176473 0.05374592833876222
13 0.24235294117647058 0.033387622149837134 0.3247058823529412 0.05374592833876222
2 0.19411764705882353 0.033387622149837134 0.15294117647058825 0.043973941368078175
5 0.12588235294117647 0.3493485342019544 0.1952941176470588 0.06026058631921824
2 0.27176470588235296 0.41042345276872966 0.14823529411764705 0.04560260586319218
13 0.32 0.41123778501628666 0.25882352941176473 0.05374592833876222
13 0.2411764705882353 0.50814332247557 0.33176470588235296 0.05537459283387622
2 0.1952941176470588 0.50814332247557 0.15058823529411763 0.04560260586319218
4 0.1423529411764706 0.5684039087947883 0.22823529411764706 0.06188925081433225
2 0.2635294117647059 0.6270358306188925 0.15058823529411763 0.04560260586319218
2 0.27058823529411763 0.6840390879478827 0.15058823529411763 0.04560260586319218
13 0.3211764705882353 0.6848534201954397 0.2611764705882353 0.05374592833876222
2 0.27176470588235296 0.745928338762215 0.14823529411764705 0.04560260586319218
13 0.3211764705882353 0.745928338762215 0.2611764705882353 0.05537459283387622
2 0.27176470588235296 0.8070032573289903 0.14823529411764705 0.04723127035830619
13 0.32 0.8078175895765473 0.25882352941176473 0.05211726384364821
5 0.12588235294117647 0.8672638436482085 0.1952941176470588 0.06026058631921824
2 0.2647058823529412 0.9258957654723127 0.14823529411764705 0.043973941368078175
4 0.1423529411764706 0.09364820846905537 0.22823529411764706 0.06026058631921824
13 0.32235294117647056 0.15553745928338764 0.25882352941176473 0.05374592833876222
2 0.27176470588235296 0.1563517915309446 0.14823529411764705 0.04560260586319218