3 0.2446043165467626 0.19153225806451613 0.44244604316546765 0.04435483870967742
6 0.18615107913669066 0.27889784946236557 0.28597122302158273 0.04435483870967742
15 0.11061151079136691 0.03225806451612903 0.21402877697841727 0.05913978494623656
0 0.1681654676258993 0.3239247311827957 0.25 0.043010752688172046
6 0.12589928057553956 0.42405913978494625 0.20503597122302158 0.04435483870967742
3 0.22571942446043167 0.540994623655914 0.4442446043165468 0.04435483870967742
11 0.20863309352517986 0.6350806451612904 0.07553956834532374 0.036290322580645164
13 0.24640287769784172 0.6350806451612904 0.20863309352517986 0.04435483870967742
11 0.3893884892086331 0.7614247311827957 0.12769784172661872 0.036290322580645164
13 0.427158273381295 0.7614247311827957 0.21402877697841727 0.04435483870967742
6 0.1672661870503597 0.8091397849462365 0.28776978417266186 0.043010752688172046
0 0.1474820143884892 0.8521505376344086 0.2517985611510791 0.043010752688172046
11 0.18794964028776978 0.0907258064516129 0.17805755395683454 0.036290322580645164
13 0.27697841726618705 0.0907258064516129 0.4136690647482014 0.04435483870967742
11 0.38039568345323743 0.0907258064516129 0.14568345323741008 0.036290322580645164
11 0.6366906474820144 0.0907258064516129 0.17625899280575538 0.036290322580645164
13 0.7239208633093526 0.0907258064516129 0.4118705035971223 0.04435483870967742
11 0.8273381294964028 0.0913978494623656 0.14388489208633093 0.03763440860215054
6 0.10611510791366907 0.9247311827956989 0.20503597122302158 0.043010752688172046