2 0.5606796116504854 0.3573407202216066 0.3058252427184466 0.07756232686980609
13 0.6796116504854369 0.3587257617728532 0.5631067961165048 0.09141274238227147
2 0.5606796116504854 0.4626038781163435 0.3058252427184466 0.07756232686980609
13 0.662621359223301 0.4626038781163435 0.529126213592233 0.0886426592797784
2 0.5606796116504854 0.5678670360110804 0.3058252427184466 0.07756232686980609
13 0.6796116504854369 0.5678670360110804 0.5631067961165048 0.0886426592797784
2 0.40048543689320387 0.05817174515235457 0.3155339805825243 0.07756232686980609
13 0.5024271844660194 0.05955678670360111 0.6747572815533981 0.09141274238227147
5 0.2621359223300971 0.6717451523545707 0.39805825242718446 0.10249307479224377
2 0.5485436893203883 0.7686980609418282 0.30097087378640774 0.08033240997229917
2 0.5606796116504854 0.8670360110803325 0.3058252427184466 0.07756232686980609
13 0.662621359223301 0.8670360110803325 0.529126213592233 0.0886426592797784
4 0.2961165048543689 0.16204986149584488 0.46601941747572817 0.10249307479224377
2 0.5461165048543689 0.26038781163434904 0.3058252427184466 0.07756232686980609