0 0.23711340206185566 0.27419354838709675 0.23711340206185566 0.05161290322580645
13 0.5309278350515464 0.36451612903225805 0.5979381443298969 0.054838709677419356
11 0.422680412371134 0.36451612903225805 0.21649484536082475 0.04516129032258064
0 0.23711340206185566 0.4830645161290323 0.2268041237113402 0.0532258064516129
13 0.5283505154639175 0.5733870967741935 0.6030927835051546 0.0532258064516129
11 0.422680412371134 0.575 0.21649484536082475 0.043548387096774194
0 0.23711340206185566 0.6911290322580645 0.23711340206185566 0.0532258064516129
13 0.5283505154639175 0.7830645161290323 0.6030927835051546 0.0532258064516129
11 0.422680412371134 0.7830645161290323 0.21649484536082475 0.043548387096774194
0 0.23969072164948454 0.9008064516129032 0.2422680412371134 0.05
11 0.42010309278350516 0.15483870967741936 0.22164948453608246 0.04516129032258064
13 0.5283505154639175 0.15645161290322582 0.6030927835051546 0.054838709677419356