2 0.11759581881533102 0.18911917098445596 0.06097560975609756 0.05008635578583765
13 0.15156794425087108 0.18911917098445596 0.18815331010452963 0.05699481865284974
2 0.16202090592334495 0.2538860103626943 0.11149825783972125 0.04835924006908463
13 0.19773519163763068 0.2547495682210708 0.2421602787456446 0.05699481865284974
4 0.12456445993031359 0.31865284974093266 0.16898954703832753 0.06390328151986183
2 0.21951219512195122 0.385146804835924 0.10801393728222997 0.04835924006908463
13 0.2569686411149826 0.3860103626943005 0.19337979094076654 0.05699481865284974
2 0.21602787456445993 0.44559585492227977 0.10801393728222997 0.04835924006908463
1 0.5 0.05008635578583765 0.9930313588850174 0.09671848013816926
13 0.25609756097560976 0.5051813471502591 0.1916376306620209 0.05699481865284974
2 0.22038327526132404 0.5060449050086355 0.10975609756097561 0.04835924006908463
2 0.18902439024390244 0.0535405872193437 0.10975609756097561 0.044905008635578586
2 0.37282229965156793 0.0535405872193437 0.05574912891986063 0.044905008635578586
2 0.3083623693379791 0.054404145077720206 0.05574912891986063 0.04317789291882556
2 0.6184668989547039 0.054404145077720206 0.10801393728222997 0.046632124352331605
2 0.9494773519163763 0.054404145077720206 0.059233449477351915 0.046632124352331605
2 0.21515679442508712 0.5664939550949913 0.10975609756097561 0.04835924006908463
2 0.22038327526132404 0.6269430051813472 0.10975609756097561 0.04835924006908463
13 0.2578397212543554 0.6278065630397237 0.1916376306620209 0.05699481865284974
5 0.1132404181184669 0.6917098445595855 0.14634146341463414 0.06390328151986183
13 0.2578397212543554 0.7573402417962003 0.1916376306620209 0.05699481865284974
2 0.21951219512195122 0.7582037996545768 0.10801393728222997 0.04835924006908463
2 0.21515679442508712 0.8177892918825561 0.10975609756097561 0.05008635578583765
2 0.20209059233449478 0.12867012089810018 0.059233449477351915 0.046632124352331605
2 0.11236933797909408 0.12867012089810018 0.05749128919860627 0.046632124352331605