2 0.5634146341463414 0.3993808049535604 0.3073170731707317 0.08668730650154799
13 0.6634146341463415 0.40092879256965946 0.5365853658536586 0.1021671826625387
2 0.5634146341463414 0.5170278637770898 0.3073170731707317 0.08668730650154799
13 0.6658536585365854 0.5170278637770898 0.5317073170731708 0.10526315789473684
2 0.5487804878048781 0.6253869969040248 0.3073170731707317 0.08668730650154799
13 0.5024390243902439 0.06501547987616099 0.6731707317073171 0.10526315789473684
2 0.4024390243902439 0.06656346749226007 0.3170731707317073 0.08978328173374613
5 0.26097560975609757 0.7337461300309598 0.40487804878048783 0.11145510835913312
2 0.5634146341463414 0.8513931888544891 0.3073170731707317 0.08668730650154799
13 0.6658536585365854 0.8513931888544891 0.5317073170731708 0.09907120743034056
2 0.5487804878048781 0.17337461300309598 0.3073170731707317 0.08668730650154799
4 0.2975609756097561 0.28173374613003094 0.4682926829268293 0.11145510835913312