2 0.20266272189349113 0.4175824175824176 0.10946745562130178 0.05128205128205128
13 0.26331360946745563 0.4175824175824176 0.33136094674556216 0.06227106227106227
2 0.42011834319526625 0.4807692307692308 0.10059171597633136 0.04945054945054945
1 0.4985207100591716 0.05311355311355311 0.9911242603550295 0.10256410256410256
2 0.5562130177514792 0.056776556776556776 0.08875739644970414 0.05128205128205128
2 0.7855029585798816 0.056776556776556776 0.10355029585798817 0.05128205128205128
2 0.3343195266272189 0.057692307692307696 0.08875739644970414 0.045787545787545784
2 0.4452662721893491 0.057692307692307696 0.09171597633136094 0.04945054945054945
2 0.6686390532544378 0.05860805860805861 0.09467455621301775 0.05128205128205128
2 0.9068047337278107 0.05860805860805861 0.10946745562130178 0.047619047619047616
13 0.3254437869822485 0.5860805860805861 0.30177514792899407 0.05860805860805861
13 0.6878698224852071 0.5860805860805861 0.3047337278106509 0.05860805860805861
2 0.23224852071005916 0.5860805860805861 0.09763313609467456 0.05128205128205128
11 0.39644970414201186 0.586996336996337 0.14792899408284024 0.04945054945054945
2 0.5902366863905325 0.586996336996337 0.09763313609467456 0.04945054945054945
11 0.7544378698224852 0.586996336996337 0.15384615384615385 0.04945054945054945
2 0.4423076923076923 0.6547619047619048 0.10946745562130178 0.04945054945054945
2 0.3505917159763314 0.7197802197802198 0.09763313609467456 0.05128205128205128
4 0.1804733727810651 0.782967032967033 0.28402366863905326 0.06776556776556776
2 0.1952662721893491 0.8489010989010989 0.09467455621301775 0.04945054945054945
4 0.15828402366863906 0.913003663003663 0.2455621301775148 0.06776556776556776
2 0.6242603550295858 0.14102564102564102 0.10650887573964497 0.047619047619047616