2 0.11517367458866545 0.13730255164034022 0.09872029250457039 0.03402187120291616
2 0.12340036563071298 0.32138517618469015 0.0603290676416819 0.032806804374240585
2 0.21755027422303475 0.3219927095990279 0.062157221206581355 0.03402187120291616
1 0.2906764168190128 0.035844471445929525 0.5630712979890311 0.0692588092345079
4 0.09689213893967093 0.3645200486026732 0.17550274223034734 0.04374240583232078
2 0.25411334552102377 0.038882138517618466 0.10237659963436929 0.031591737545565005
2 0.4506398537477148 0.038882138517618466 0.0603290676416819 0.03402187120291616
2 0.36380255941499084 0.03948967193195626 0.09140767824497258 0.032806804374240585
2 0.5210237659963437 0.040097205346294046 0.05850091407678245 0.031591737545565005
5 0.0850091407678245 0.4094775212636695 0.15173674588665448 0.04374240583232078
2 0.12157221206581353 0.4520048602673147 0.11151736745886655 0.03402187120291616
13 0.3555758683729433 0.4957472660996355 0.20292504570383912 0.03402187120291616
13 0.3226691042047532 0.6069258809234508 0.13711151736745886 0.032806804374240585
2 0.30895795246800734 0.7247873633049817 0.062157221206581355 0.03523693803159174
13 0.16819012797074953 0.7247873633049817 0.14990859232175502 0.040097205346294046
2 0.12797074954296161 0.7253948967193196 0.062157221206581355 0.031591737545565005
4 0.09780621572212066 0.7709599027946537 0.1773308957952468 0.04495747266099635
13 0.17093235831809872 0.8195625759416768 0.14442413162705667 0.040097205346294046
13 0.329981718464351 0.8201701093560145 0.473491773308958 0.046172539489671933
13 0.41773308957952465 0.8201701093560145 0.2870201096892139 0.038882138517618466
13 0.4570383912248629 0.8201701093560145 0.19744058500914077 0.031591737545565005
2 0.6343692870201096 0.8201701093560145 0.05850091407678245 0.03402187120291616
13 0.7906764168190128 0.8201701093560145 0.37842778793418647 0.046172539489671933
13 0.8354661791590493 0.8201701093560145 0.28153564899451555 0.038882138517618466
13 0.8738574040219378 0.8201701093560145 0.19378427787934185 0.03402187120291616
2 0.1343692870201097 0.8201701093560145 0.0603290676416819 0.03402187120291616
13 0.41681901279707495 0.8718104495747266 0.2851919561243144 0.040097205346294046
13 0.17093235831809872 0.8718104495747266 0.14442413162705667 0.03766707168894289
13 0.45612431444241314 0.8724179829890644 0.19926873857404023 0.03402187120291616
2 0.6352833638025595 0.8724179829890644 0.0603290676416819 0.03402187120291616
13 0.8738574040219378 0.8724179829890644 0.19378427787934185 0.03402187120291616
2 0.13254113345521024 0.8724179829890644 0.0603290676416819 0.031591737545565005
13 0.3290676416819013 0.8730255164034022 0.4716636197440585 0.04495747266099635
13 0.7906764168190128 0.8730255164034022 0.37842778793418647 0.04495747266099635
13 0.8345521023765996 0.8730255164034022 0.283363802559415 0.040097205346294046
2 0.3080438756855576 0.9210206561360875 0.0603290676416819 0.03402187120291616
2 0.12797074954296161 0.9210206561360875 0.062157221206581355 0.03402187120291616
13 0.16910420475319926 0.9216281895504252 0.15173674588665448 0.040097205346294046
13 0.40219378427787933 0.09477521263669501 0.33638025594149906 0.038882138517618466
13 0.34643510054844606 0.09538274605103281 0.21389396709323583 0.032806804374240585
5 0.0850091407678245 0.9678007290400972 0.15173674588665448 0.04495747266099635