2 0.27976190476190477 0.3487179487179487 0.13095238095238096 0.07179487179487179
13 0.36706349206349204 0.35 0.32142857142857145 0.08461538461538462
5 0.1865079365079365 0.4461538461538462 0.3253968253968254 0.09230769230769231
13 0.376984126984127 0.5423076923076923 0.3412698412698413 0.08461538461538462
2 0.6944444444444444 0.5435897435897435 0.1349206349206349 0.07179487179487179
13 0.7817460317460317 0.5435897435897435 0.3253968253968254 0.08205128205128205
2 0.28174603174603174 0.5435897435897435 0.1349206349206349 0.07179487179487179
4 0.21626984126984128 0.6410256410256411 0.38492063492063494 0.09230769230769231
2 0.6726190476190477 0.7371794871794872 0.13095238095238096 0.06923076923076923
13 0.36904761904761907 0.7371794871794872 0.3253968253968254 0.07948717948717948
2 0.2837301587301587 0.7384615384615385 0.13095238095238096 0.07179487179487179
13 0.375 0.8333333333333334 0.3373015873015873 0.08205128205128205
2 0.6964285714285714 0.8346153846153846 0.13095238095238096 0.06923076923076923
13 0.7757936507936508 0.8346153846153846 0.32142857142857145 0.08461538461538462
2 0.28174603174603174 0.8346153846153846 0.1349206349206349 0.06923076923076923
5 0.1884920634920635 0.9320512820512821 0.32936507936507936 0.09487179487179487
2 0.6626984126984127 0.1564102564102564 0.1349206349206349 0.07179487179487179
2 0.2837301587301587 0.1564102564102564 0.13095238095238096 0.07179487179487179
13 0.3630952380952381 0.1576923076923077 0.3134920634920635 0.07948717948717948
4 0.21428571428571427 0.25256410256410255 0.38095238095238093 0.09487179487179487