2 0.27176470588235296 0.3801775147928994 0.14823529411764705 0.08579881656804733
13 0.32 0.3801775147928994 0.25882352941176473 0.09763313609467456
13 0.7552941176470588 0.4985207100591716 0.45647058823529413 0.10946745562130178
13 0.8470588235294118 0.4985207100591716 0.2635294117647059 0.09763313609467456
2 0.4023529411764706 0.5 0.15058823529411763 0.08284023668639054
2 0.7976470588235294 0.5 0.15058823529411763 0.08284023668639054
13 0.31058823529411766 0.5014792899408284 0.34352941176470586 0.09763313609467456
13 0.24 0.060650887573964495 0.32941176470588235 0.09763313609467456
2 0.19176470588235295 0.060650887573964495 0.15294117647058825 0.08579881656804733
2 0.27176470588235296 0.6183431952662722 0.14823529411764705 0.08284023668639054
13 0.32 0.6198224852071006 0.25882352941176473 0.09763313609467456
5 0.12588235294117647 0.7322485207100592 0.1952941176470588 0.10946745562130178
2 0.4023529411764706 0.849112426035503 0.15058823529411763 0.08284023668639054
13 0.7529411764705882 0.8505917159763313 0.45647058823529413 0.11538461538461539
2 0.7976470588235294 0.8505917159763313 0.15058823529411763 0.08579881656804733
13 0.8470588235294118 0.8505917159763313 0.2635294117647059 0.09763313609467456
13 0.30941176470588233 0.8520710059171598 0.3458823529411765 0.09467455621301775
2 0.2647058823529412 0.16420118343195267 0.14823529411764705 0.08579881656804733
4 0.1423529411764706 0.2677514792899408 0.22823529411764706 0.10946745562130178