2 0.5634146341463414 0.27350427350427353 0.3073170731707317 0.05982905982905983
13 0.6634146341463415 0.2745726495726496 0.5365853658536586 0.07051282051282051
2 0.5487804878048781 0.3482905982905983 0.3073170731707317 0.05982905982905983
2 0.5487804878048781 0.4188034188034188 0.3073170731707317 0.05982905982905983
13 0.5 0.0438034188034188 0.6780487804878049 0.07051282051282051
2 0.4024390243902439 0.0438034188034188 0.3170731707317073 0.057692307692307696
5 0.26097560975609757 0.49252136752136755 0.40487804878048783 0.07905982905982906
2 0.5634146341463414 0.5747863247863247 0.3073170731707317 0.05982905982905983
13 0.6804878048780488 0.5747863247863247 0.5707317073170731 0.06837606837606838
4 0.2951219512195122 0.6549145299145299 0.47317073170731705 0.07905982905982906
2 0.5634146341463414 0.7350427350427351 0.3073170731707317 0.05982905982905983
13 0.6634146341463415 0.7361111111111112 0.5365853658536586 0.07051282051282051
5 0.26097560975609757 0.8162393162393162 0.40487804878048783 0.07692307692307693
2 0.5634146341463414 0.8974358974358975 0.3073170731707317 0.05982905982905983
13 0.6707317073170732 0.8974358974358975 0.551219512195122 0.06837606837606838
2 0.5487804878048781 0.11752136752136752 0.3073170731707317 0.05982905982905983
4 0.2951219512195122 0.19337606837606838 0.47317073170731705 0.07905982905982906