13 0.5874635568513119 0.1731301939058172 0.4110787172011662 0.05263157894736842
2 0.46938775510204084 0.17382271468144045 0.13994169096209913 0.04016620498614958
13 0.5276967930029155 0.17382271468144045 0.27405247813411077 0.045706371191135735
2 0.2696793002915452 0.2562326869806094 0.13119533527696792 0.038781163434903045
2 0.3935860058309038 0.027700831024930747 0.13994169096209913 0.038781163434903045
13 0.3032069970845481 0.028393351800554016 0.4139941690962099 0.045706371191135735
2 0.21137026239067055 0.029085872576177285 0.13119533527696792 0.038781163434903045
13 0.34402332361516036 0.3047091412742382 0.27405247813411077 0.0443213296398892
2 0.40524781341107874 0.3047091412742382 0.13994169096209913 0.038781163434903045
2 0.3979591836734694 0.3573407202216066 0.13119533527696792 0.038781163434903045
13 0.3396501457725947 0.35803324099722994 0.2653061224489796 0.045706371191135735
2 0.27696793002915454 0.40581717451523547 0.13994169096209913 0.038781163434903045
5 0.12536443148688048 0.45429362880886426 0.239067055393586 0.04986149584487535
2 0.33819241982507287 0.502770083102493 0.09912536443148688 0.038781163434903045
2 0.1880466472303207 0.5034626038781164 0.09620991253644315 0.037396121883656507
2 0.39941690962099125 0.5512465373961218 0.1282798833819242 0.038781163434903045
13 0.3032069970845481 0.5519390581717452 0.4139941690962099 0.045706371191135735
2 0.21428571428571427 0.5519390581717452 0.14285714285714285 0.037396121883656507
2 0.4518950437317784 0.6038781163434903 0.13994169096209913 0.038781163434903045
2 0.31924198250728864 0.6592797783933518 0.13119533527696792 0.038781163434903045
13 0.37755102040816324 0.659972299168975 0.2653061224489796 0.045706371191135735
13 0.5379008746355685 0.659972299168975 0.6034985422740525 0.05124653739612189
2 0.6355685131195336 0.659972299168975 0.13994169096209913 0.037396121883656507
13 0.6953352769679301 0.659972299168975 0.27696793002915454 0.045706371191135735
4 0.17638483965014579 0.7160664819944599 0.282798833819242 0.04986149584487535
2 0.3688046647230321 0.7645429362880887 0.09620991253644315 0.038781163434903045
2 0.22011661807580174 0.7645429362880887 0.09620991253644315 0.038781163434903045
13 0.3848396501457726 0.8206371191135734 0.26239067055393583 0.045706371191135735
13 0.607871720116618 0.8206371191135734 0.7376093294460642 0.05955678670360111
13 0.7026239067055393 0.8206371191135734 0.27405247813411077 0.045706371191135735
2 0.3250728862973761 0.8213296398891967 0.13119533527696792 0.038781163434903045
13 0.5466472303206997 0.8213296398891967 0.6034985422740525 0.05263157894736842
2 0.6443148688046647 0.8213296398891967 0.13994169096209913 0.038781163434903045
13 0.5233236151603499 0.08379501385041552 0.2653061224489796 0.045706371191135735
13 0.5816326530612245 0.08379501385041552 0.39941690962099125 0.05124653739612189
2 0.46355685131195334 0.08448753462603878 0.1282798833819242 0.038781163434903045
5 0.15743440233236153 0.8808864265927978 0.239067055393586 0.05263157894736842