2 0.3176229508196721 0.4562841530054645 0.13524590163934427 0.07650273224043716
13 0.4077868852459016 0.4562841530054645 0.3319672131147541 0.08743169398907104
2 0.3176229508196721 0.5587431693989071 0.13524590163934427 0.07377049180327869
13 0.4057377049180328 0.5601092896174863 0.3360655737704918 0.08743169398907104
13 0.4139344262295082 0.6612021857923497 0.3442622950819672 0.08743169398907104
2 0.3176229508196721 0.6612021857923497 0.13524590163934427 0.07650273224043716
13 0.41188524590163933 0.7650273224043715 0.3483606557377049 0.08743169398907104
2 0.3176229508196721 0.7650273224043715 0.13524590163934427 0.07650273224043716
5 0.17827868852459017 0.9275956284153005 0.3401639344262295 0.10655737704918032
2 0.7028688524590164 0.16120218579234974 0.13524590163934427 0.07650273224043716
13 0.7971311475409836 0.16120218579234974 0.3483606557377049 0.08743169398907104
2 0.2766393442622951 0.16120218579234974 0.13524590163934427 0.07650273224043716
13 0.3709016393442623 0.16120218579234974 0.3483606557377049 0.08743169398907104
4 0.2069672131147541 0.26366120218579236 0.3975409836065574 0.10109289617486339