11 0.20657276995305165 0.26436781609195403 0.1267605633802817 0.04597701149425287
13 0.2605633802816901 0.2651888341543514 0.3145539906103286 0.05747126436781609
10 0.24413145539906103 0.3226600985221675 0.38028169014084506 0.054187192118226604
15 0.1443661971830986 0.03776683087027915 0.2793427230046948 0.0722495894909688
3 0.29694835680751175 0.3842364532019704 0.4859154929577465 0.06896551724137931
11 0.6889671361502347 0.3842364532019704 0.1431924882629108 0.04597701149425287
13 0.7464788732394366 0.3850574712643678 0.3286384976525822 0.054187192118226604
10 0.2323943661971831 0.5706075533661741 0.352112676056338 0.054187192118226604
13 0.744131455399061 0.7397372742200329 0.3286384976525822 0.054187192118226604
3 0.2981220657276995 0.7405582922824302 0.48826291079812206 0.06896551724137931
11 0.6889671361502347 0.7405582922824302 0.1431924882629108 0.04597701149425287
0 0.17253521126760563 0.8013136288998358 0.18544600938967137 0.05582922824302135