13 0.14009661835748793 0.26848591549295775 0.17391304347826086 0.058098591549295774
2 0.107085346215781 0.26936619718309857 0.05314009661835749 0.04929577464788732
0 0.5080515297906603 0.3301056338028169 0.9774557165861514 0.058098591549295774
13 0.14009661835748793 0.4295774647887324 0.1706924315619968 0.056338028169014086
2 0.107085346215781 0.43045774647887325 0.05314009661835749 0.04753521126760563
1 0.14090177133655393 0.05193661971830986 0.2785829307568438 0.09683098591549295
2 0.23752012882447665 0.05545774647887324 0.0499194847020934 0.04753521126760563
2 0.17632850241545894 0.056338028169014086 0.05314009661835749 0.04929577464788732
13 0.1392914653784219 0.6012323943661971 0.1723027375201288 0.05457746478873239
2 0.10628019323671498 0.602112676056338 0.05152979066022544 0.045774647887323945
2 0.19243156199677938 0.7676056338028169 0.05314009661835749 0.04929577464788732
4 0.07971014492753623 0.8952464788732394 0.15619967793880837 0.06514084507042253