2 0.5634146341463414 0.39176829268292684 0.3073170731707317 0.08841463414634146
13 0.6658536585365854 0.39176829268292684 0.5317073170731708 0.10060975609756098
2 0.5634146341463414 0.5076219512195121 0.3073170731707317 0.08841463414634146
13 0.6829268292682927 0.5076219512195121 0.5658536585365853 0.10060975609756098
13 0.5048780487804878 0.0625 0.6878048780487804 0.10060975609756098
5 0.2634146341463415 0.6219512195121951 0.4 0.11585365853658537
2 0.4024390243902439 0.06402439024390244 0.3170731707317073 0.08536585365853659
2 0.5634146341463414 0.7378048780487805 0.3073170731707317 0.08536585365853659
13 0.675609756097561 0.7378048780487805 0.551219512195122 0.0975609756097561
2 0.5634146341463414 0.8536585365853658 0.3073170731707317 0.08536585365853659
13 0.6682926829268293 0.8536585365853658 0.5365853658536586 0.0975609756097561
4 0.2975609756097561 0.17835365853658536 0.4682926829268293 0.11280487804878049
2 0.5487804878048781 0.2850609756097561 0.3073170731707317 0.08231707317073171