11 0.36449864498644985 0.4070121951219512 0.06504065040650407 0.08841463414634146
13 0.39363143631436315 0.40853658536585363 0.16395663956639567 0.10365853658536585
13 0.6124661246612466 0.40853658536585363 0.19241192411924118 0.0975609756097561
13 0.8441734417344173 0.40853658536585363 0.19241192411924118 0.10365853658536585
3 0.13956639566395665 0.4100609756097561 0.27100271002710025 0.14939024390243902
15 0.08333333333333333 0.06859756097560976 0.16124661246612465 0.13109756097560976
11 0.38550135501355015 0.8125 0.06639566395663957 0.08841463414634146
13 0.4132791327913279 0.8125 0.16531165311653118 0.10060975609756098
0 0.032520325203252036 0.9298780487804879 0.05962059620596206 0.10365853658536585
10 0.17276422764227642 0.18597560975609756 0.34010840108401086 0.0975609756097561
13 0.23441734417344173 0.18597560975609756 0.2032520325203252 0.08536585365853659
13 0.17818428184281843 0.2865853658536585 0.22357723577235772 0.07926829268292683
13 0.4261517615176152 0.2865853658536585 0.22357723577235772 0.07926829268292683