5 0.2634146341463415 0.2236180904522613 0.4 0.06197654941373534
2 0.5634146341463414 0.2864321608040201 0.3073170731707317 0.04690117252931323
13 0.6829268292682927 0.28726968174204354 0.5658536585365853 0.05527638190954774
13 0.5048780487804878 0.03433835845896147 0.6780487804878049 0.05527638190954774
2 0.4024390243902439 0.03433835845896147 0.3170731707317073 0.048576214405360134
4 0.2951219512195122 0.3500837520938023 0.47317073170731705 0.06030150753768844
2 0.5634146341463414 0.41457286432160806 0.3073170731707317 0.04522613065326633
13 0.6682926829268293 0.41457286432160806 0.5365853658536586 0.05527638190954774
2 0.5634146341463414 0.47738693467336685 0.3073170731707317 0.04690117252931323
13 0.675609756097561 0.47822445561139026 0.551219512195122 0.05527638190954774
5 0.26097560975609757 0.5402010050251256 0.40487804878048783 0.06197654941373534
13 0.6853658536585366 0.6038525963149078 0.5707317073170731 0.05527638190954774
2 0.5634146341463414 0.6046901172529313 0.3073170731707317 0.04690117252931323
2 0.5634146341463414 0.6666666666666666 0.3073170731707317 0.04690117252931323
13 0.6731707317073171 0.6675041876046901 0.5463414634146342 0.05527638190954774
4 0.2951219512195122 0.7303182579564489 0.47317073170731705 0.06030150753768844
2 0.5634146341463414 0.7939698492462312 0.3073170731707317 0.04690117252931323
13 0.6829268292682927 0.7939698492462312 0.5658536585365853 0.05360134003350084
5 0.26097560975609757 0.8576214405360134 0.40487804878048783 0.06030150753768844
13 0.6829268292682927 0.9195979899497487 0.5658536585365853 0.05360134003350084
2 0.5634146341463414 0.9204355108877722 0.3073170731707317 0.04522613065326633
4 0.2975609756097561 0.09631490787269682 0.4682926829268293 0.06197654941373534
2 0.5634146341463414 0.16080402010050251 0.3073170731707317 0.04690117252931323
13 0.6731707317073171 0.16164154103852596 0.5463414634146342 0.05527638190954774