2 0.19085173501577288 0.20985401459854014 0.167192429022082 0.051094890510948905
2 0.3659305993690852 0.4854014598540146 0.10725552050473186 0.051094890510948905
2 0.20347003154574134 0.4854014598540146 0.10410094637223975 0.051094890510948905
4 0.15930599369085174 0.5492700729927007 0.305993690851735 0.06569343065693431
2 0.4952681388012618 0.06010948905109489 0.9905362776025236 0.10401459854014598
2 0.6435331230283912 0.06113138686131387 0.15772870662460567 0.04562043795620438
5 0.13722397476340695 0.6195255474452555 0.2618296529968454 0.06751824817518248
2 0.4526813880126183 0.06204379562043796 0.17981072555205047 0.04744525547445255
2 0.9132492113564669 0.06204379562043796 0.09779179810725552 0.04744525547445255
2 0.7933753943217665 0.06295620437956205 0.09779179810725552 0.04562043795620438
2 0.20031545741324921 0.6824817518248175 0.19242902208201892 0.051094890510948905
13 0.6041009463722398 0.7463503649635036 0.3501577287066246 0.051094890510948905
13 0.5473186119873817 0.9133211678832117 0.23659305993690852 0.04927007299270073
13 0.6861198738170347 0.145985401459854 0.5772870662460567 0.058394160583941604
13 0.5867507886435331 0.1468978102189781 0.3659305993690852 0.04927007299270073