3 0.5106635071090048 0.21206581352833637 0.9644549763033176 0.06946983546617916
3 0.504739336492891 0.37842778793418647 0.9478672985781991 0.06946983546617916
13 0.5485781990521327 0.5457038391224863 0.3293838862559242 0.0603290676416819
11 0.49644549763033174 0.5475319926873857 0.20616113744075829 0.04936014625228519
1 0.11018957345971564 0.054844606946983544 0.2109004739336493 0.10603290676416818
11 0.43364928909952605 0.6096892138939671 0.20853080568720378 0.04936014625228519
0 0.11729857819905214 0.6691042047531993 0.17772511848341233 0.05850091407678245
11 0.4324644549763033 0.7879341864716636 0.20616113744075829 0.051188299817184646
0 0.11611374407582939 0.8482632541133455 0.17535545023696683 0.05850091407678245
13 0.245260663507109 0.1416819012797075 0.3341232227488152 0.0603290676416819
11 0.1966824644549763 0.1425959780621572 0.15639810426540285 0.051188299817184646