8 0.35687732342007433 0.21294718909710392 0.6171003717472119 0.054514480408858604
8 0.3513011152416357 0.26916524701873934 0.6059479553903345 0.054514480408858604
0 0.15055762081784388 0.32367972742759793 0.20446096654275092 0.054514480408858604
7 0.31970260223048325 0.03833049403747871 0.6245353159851301 0.07325383304940375
11 0.42193308550185876 0.3841567291311755 0.1524163568773234 0.04599659284497445
13 0.49814126394052044 0.3850085178875639 0.4312267657992565 0.05792163543441227
0 0.16728624535315986 0.4437819420783646 0.16356877323420074 0.056218057921635436
8 0.38104089219330856 0.4991482112436116 0.5836431226765799 0.054514480408858604
13 0.39219330855018586 0.596252129471891 0.45724907063197023 0.05792163543441227
11 0.30297397769516726 0.596252129471891 0.1449814126394052 0.04770017035775128
0 0.21561338289962825 0.65587734241908 0.2527881040892193 0.054514480408858604
0 0.20817843866171004 0.747870528109029 0.24535315985130113 0.054514480408858604
3 0.5223048327137546 0.8398637137989778 0.9479553903345725 0.054514480408858604
0 0.2100371747211896 0.8943781942078365 0.24907063197026022 0.054514480408858604