13 0.27906976744186046 0.15814266487213996 0.330749354005168 0.04441453566621804
2 0.20801033591731266 0.15814266487213996 0.10077519379844961 0.03633916554508748
13 0.2596899224806202 0.02759084791386272 0.35400516795865633 0.04441453566621804
2 0.18087855297157623 0.02759084791386272 0.10335917312661498 0.03633916554508748
13 0.31136950904392763 0.28869448183041724 0.34366925064599485 0.04441453566621804
2 0.2364341085271318 0.28869448183041724 0.10594315245478036 0.03633916554508748
2 0.26356589147286824 0.4199192462987887 0.10335917312661498 0.03768506056527591
13 0.3281653746770026 0.4199192462987887 0.32041343669250644 0.04576043068640646
13 0.3708010335917313 0.553835800807537 0.3178294573643411 0.04441453566621804
13 0.7416020671834626 0.553835800807537 0.3152454780361757 0.04441453566621804
2 0.3049095607235142 0.5545087483176312 0.10335917312661498 0.03768506056527591
2 0.6744186046511628 0.5545087483176312 0.10335917312661498 0.03768506056527591
13 0.4134366925064599 0.6884253028263796 0.3772609819121447 0.04441453566621804
2 0.32041343669250644 0.6890982503364738 0.10335917312661498 0.03768506056527591