13 0.19169611307420495 0.3 0.22791519434628976 0.06804123711340206
11 0.15459363957597172 0.3 0.09363957597173145 0.05567010309278351
12 0.2137809187279152 0.04845360824742268 0.4204946996466431 0.09278350515463918
11 0.18286219081272084 0.49381443298969074 0.09363957597173145 0.05567010309278351
13 0.2252650176678445 0.49381443298969074 0.23851590106007067 0.06804123711340206
13 0.5220848056537103 0.49381443298969074 0.2879858657243816 0.06804123711340206
11 0.4549469964664311 0.4948453608247423 0.09363957597173145 0.0577319587628866
8 0.1881625441696113 0.5721649484536082 0.25265017667844525 0.06391752577319587
13 0.8224381625441696 0.14123711340206185 0.2950530035335689 0.06804123711340206
13 0.5185512367491166 0.14329896907216494 0.2420494699646643 0.06804123711340206
11 0.20053003533568906 0.14432989690721648 0.09363957597173145 0.05360824742268041
13 0.23763250883392226 0.14432989690721648 0.22791519434628976 0.07010309278350516
11 0.4717314487632509 0.14432989690721648 0.09540636042402827 0.0577319587628866
11 0.75 0.14432989690721648 0.09363957597173145 0.0577319587628866