11 0.5635451505016722 0.1788685524126456 0.2842809364548495 0.04492512479201331
0 0.12876254180602006 0.23294509151414308 0.24414715719063546 0.05324459234608985
11 0.6555183946488294 0.2911813643926789 0.28762541806020064 0.04658901830282862
13 0.7391304347826086 0.2911813643926789 0.4816053511705686 0.056572379367720464
11 0.5652173913043478 0.348585690515807 0.28762541806020064 0.04492512479201331
0 0.12876254180602006 0.40266222961730447 0.24414715719063546 0.04991680532445923
11 0.23411371237458195 0.456738768718802 0.15384615384615385 0.04492512479201331
11 0.44648829431438125 0.45757071547420963 0.1505016722408027 0.04658901830282862
1 0.15384615384615385 0.051580698835274545 0.3010033444816054 0.09650582362728785
4 0.16722408026755853 0.6405990016638935 0.3210702341137124 0.0632279534109817
5 0.1454849498327759 0.7038269550748752 0.27759197324414714 0.059900166389351084
4 0.16722408026755853 0.8926788685524126 0.3210702341137124 0.06156405990016639
5 0.1454849498327759 0.956738768718802 0.27759197324414714 0.0632279534109817