5 0.09375 0.4273743016759777 0.1788793103448276 0.1005586592178771
2 0.32219827586206895 0.5335195530726257 0.12284482758620689 0.0782122905027933
2 0.2510775862068966 0.6298882681564246 0.07112068965517242 0.07541899441340782
2 0.1400862068965517 0.6298882681564246 0.06896551724137931 0.07541899441340782
4 0.10883620689655173 0.729050279329609 0.20905172413793102 0.1005586592178771
2 0.25 0.8268156424581006 0.07327586206896551 0.0782122905027933
2 0.13900862068965517 0.8282122905027933 0.07112068965517242 0.07541899441340782
1 0.5010775862068966 0.08379888268156424 0.9935344827586207 0.1564245810055866
2 0.46120689655172414 0.08659217877094973 0.06465517241379311 0.07262569832402235
2 0.9137931034482759 0.08659217877094973 0.1206896551724138 0.07262569832402235
2 0.6540948275862069 0.08798882681564246 0.07112068965517242 0.07541899441340782
2 0.3793103448275862 0.0893854748603352 0.06465517241379311 0.07262569832402235
2 0.572198275862069 0.09078212290502793 0.07112068965517242 0.07541899441340782
5 0.09375 0.9245810055865922 0.1788793103448276 0.1005586592178771