11 0.4375 0.20246478873239437 0.18214285714285713 0.04929577464788732
2 0.6732142857142858 0.20246478873239437 0.11785714285714285 0.04929577464788732
2 0.2392857142857143 0.20246478873239437 0.12142857142857143 0.04929577464788732
13 0.3517857142857143 0.20246478873239437 0.3678571428571429 0.056338028169014086
13 0.7875 0.20334507042253522 0.3678571428571429 0.05457746478873239
11 0.8732142857142857 0.20334507042253522 0.18214285714285713 0.04753521126760563
4 0.1767857142857143 0.335387323943662 0.3464285714285714 0.06514084507042253
5 0.15178571428571427 0.4586267605633803 0.29642857142857143 0.061619718309859156
1 0.2875 0.051056338028169015 0.5678571428571428 0.09859154929577464
2 0.4714285714285714 0.05457746478873239 0.11428571428571428 0.045774647887323945
2 0.3375 0.05545774647887324 0.11071428571428571 0.04401408450704225
4 0.1767857142857143 0.5827464788732394 0.3464285714285714 0.06690140845070422
5 0.15178571428571427 0.7059859154929577 0.29642857142857143 0.06338028169014084
4 0.1767857142857143 0.8301056338028169 0.3464285714285714 0.061619718309859156
5 0.15178571428571427 0.954225352112676 0.29642857142857143 0.06690140845070422