2 0.3824503311258278 0.6316526610644257 0.10927152317880795 0.07563025210084033
2 0.21026490066225165 0.6330532212885154 0.10927152317880795 0.0784313725490196
4 0.16390728476821192 0.7310924369747899 0.3211920529801324 0.10084033613445378
1 0.5 0.08263305322128851 0.9933774834437086 0.15966386554621848
2 0.38079470198675497 0.8291316526610645 0.11258278145695365 0.0784313725490196
2 0.2119205298013245 0.8305322128851541 0.11258278145695365 0.07563025210084033
2 0.6076158940397351 0.08823529411764706 0.10264900662251655 0.07563025210084033
2 0.7814569536423841 0.08823529411764706 0.10596026490066225 0.07563025210084033
2 0.4817880794701987 0.0896358543417367 0.10264900662251655 0.07282913165266107
2 0.9056291390728477 0.0896358543417367 0.10264900662251655 0.07282913165266107
5 0.14072847682119205 0.9285714285714286 0.27483443708609273 0.10364145658263306
5 0.1423841059602649 0.21708683473389356 0.271523178807947 0.10364145658263306