13 0.26492537313432835 0.45348837209302323 0.15671641791044777 0.10963455149501661
13 0.21828358208955223 0.45514950166112955 0.2574626865671642 0.12624584717607973
2 0.41884328358208955 0.45514950166112955 0.061567164179104475 0.09302325581395349
2 0.12406716417910447 0.45514950166112955 0.061567164179104475 0.09302325581395349
2 0.3031716417910448 0.4568106312292359 0.06902985074626866 0.08970099667774087
13 0.45988805970149255 0.4568106312292359 0.15111940298507462 0.10963455149501661
4 0.09235074626865672 0.5897009966777409 0.18097014925373134 0.12292358803986711
5 0.07929104477611941 0.0681063122923588 0.15858208955223882 0.12292358803986711
2 0.4141791044776119 0.7491694352159468 0.06343283582089553 0.08970099667774087
2 0.12406716417910447 0.7491694352159468 0.05783582089552239 0.08970099667774087
13 0.2593283582089552 0.7508305647840532 0.15671641791044777 0.10631229235880399
2 0.29850746268656714 0.7508305647840532 0.0708955223880597 0.09302325581395349
13 0.6828358208955224 0.7508305647840532 0.6082089552238806 0.17940199335548174
13 0.7294776119402985 0.7508305647840532 0.503731343283582 0.15946843853820597
13 0.7705223880597015 0.7508305647840532 0.41044776119402987 0.1461794019933555
13 0.8078358208955224 0.7508305647840532 0.3246268656716418 0.12624584717607973
11 0.8190298507462687 0.7508305647840532 0.0708955223880597 0.09302325581395349
13 0.8722014925373134 0.7508305647840532 0.1884328358208955 0.10631229235880399
13 0.21641791044776118 0.7524916943521595 0.2537313432835821 0.12292358803986711
5 0.07929104477611941 0.915282392026578 0.15485074626865672 0.12956810631229235