13 0.2638522427440633 0.22913117546848383 0.2955145118733509 0.056218057921635436
3 0.5 0.03833049403747871 0.9894459102902374 0.07325383304940375
11 0.39313984168865435 0.3850085178875639 0.12137203166226913 0.04770017035775128
13 0.45118733509234826 0.3858603066439523 0.25857519788918204 0.056218057921635436
11 0.6609498680738787 0.04003407155025554 0.14511873350923482 0.04599659284497445
13 0.7229551451187335 0.04088586030664395 0.35356200527704484 0.05792163543441227
13 0.5329815303430079 0.444633730834753 0.42216358839050133 0.04770017035775128
14 0.22823218997361477 0.5 0.38786279683377306 0.05281090289608177
13 0.5316622691292876 0.555366269165247 0.42480211081794195 0.04770017035775128
14 0.22823218997361477 0.610732538330494 0.38258575197889183 0.05281090289608177
10 0.23218997361477572 0.7572402044293015 0.45382585751978893 0.05281090289608177
13 0.41424802110817943 0.8219761499148212 0.45382585751978893 0.06643952299829642
13 0.49340369393139843 0.8219761499148212 0.2796833773087071 0.05281090289608177
11 0.5844327176781002 0.8219761499148212 0.0870712401055409 0.049403747870528106
11 0.2559366754617414 0.8219761499148212 0.12137203166226913 0.04599659284497445
13 0.41688654353562005 0.8952299829642248 0.45910290237467016 0.06303236797274275
13 0.4973614775725594 0.8952299829642248 0.287598944591029 0.056218057921635436
11 0.5910290237467019 0.8960817717206133 0.08970976253298153 0.04770017035775128
11 0.2559366754617414 0.8960817717206133 0.12137203166226913 0.04770017035775128
10 0.22427440633245382 0.9599659284497445 0.43799472295514513 0.056218057921635436
13 0.4630606860158311 0.1643952299829642 0.5461741424802111 0.056218057921635436
13 0.5290237467018469 0.1643952299829642 0.39841688654353563 0.04599659284497445