2 0.39648033126293997 0.4075907590759076 0.16356107660455488 0.0891089108910891
2 0.2453416149068323 0.40924092409240925 0.06832298136645963 0.0924092409240924
13 0.39544513457556935 0.40924092409240925 0.38095238095238093 0.1254125412541254
13 0.4440993788819876 0.40924092409240925 0.2712215320910973 0.11221122112211221
2 0.5393374741200828 0.40924092409240925 0.06832298136645963 0.0924092409240924
13 0.4440993788819876 0.5495049504950495 0.2712215320910973 0.10891089108910891
2 0.2453416149068323 0.5511551155115512 0.06832298136645963 0.0924092409240924
13 0.39544513457556935 0.5511551155115512 0.38095238095238093 0.1254125412541254
2 0.39648033126293997 0.5511551155115512 0.16356107660455488 0.0924092409240924
2 0.5393374741200828 0.5511551155115512 0.06832298136645963 0.0924092409240924
1 0.4979296066252588 0.09900990099009901 0.9875776397515528 0.19141914191419143
2 0.4337474120082816 0.10396039603960396 0.06418219461697723 0.08250825082508251
2 0.8881987577639752 0.10396039603960396 0.16149068322981366 0.0891089108910891
2 0.5113871635610766 0.10561056105610561 0.062111801242236024 0.0858085808580858
2 0.5900621118012422 0.10561056105610561 0.07039337474120083 0.0924092409240924
13 0.2857142857142857 0.26567656765676567 0.4306418219461698 0.12871287128712872
2 0.19875776397515527 0.26567656765676567 0.16563146997929606 0.0891089108910891
13 0.2453416149068323 0.26732673267326734 0.2712215320910973 0.10561056105610561
2 0.3416149068322981 0.26732673267326734 0.07039337474120083 0.0924092409240924