2 0.22865853658536586 0.1516089108910891 0.054878048780487805 0.03341584158415842
2 0.22179878048780488 0.1974009900990099 0.07469512195121951 0.03341584158415842
11 0.14710365853658536 0.24814356435643564 0.05030487804878049 0.03341584158415842
13 0.17759146341463414 0.24876237623762376 0.12347560975609756 0.04207920792079208
13 0.38414634146341464 0.30383663366336633 0.4420731707317073 0.055693069306930694
2 0.20426829268292682 0.30445544554455445 0.0701219512195122 0.034653465346534656
11 0.3407012195121951 0.30507425742574257 0.05030487804878049 0.03341584158415842
13 0.3757621951219512 0.30507425742574257 0.12652439024390244 0.04084158415841584
13 0.35289634146341464 0.36757425742574257 0.35823170731707316 0.04702970297029703
2 0.21036585365853658 0.3681930693069307 0.06402439024390244 0.03589108910891089
11 0.3399390243902439 0.3681930693069307 0.04878048780487805 0.03341584158415842
13 0.3986280487804878 0.3681930693069307 0.614329268292683 0.05816831683168317
13 0.43521341463414637 0.3681930693069307 0.5320121951219512 0.053217821782178217
13 0.6257621951219512 0.3681930693069307 0.14176829268292682 0.04084158415841584
11 0.6684451219512195 0.3681930693069307 0.05030487804878049 0.03341584158415842
2 0.7629573170731707 0.3681930693069307 0.05030487804878049 0.03341584158415842
11 0.8376524390243902 0.3681930693069307 0.05030487804878049 0.03341584158415842
2 0.5907012195121951 0.3688118811881188 0.05945121951219512 0.034653465346534656
13 0.8003048780487805 0.3688118811881188 0.13414634146341464 0.039603960396039604
2 0.11966463414634146 0.3688118811881188 0.05030487804878049 0.034653465346534656
1 0.5007621951219512 0.038366336633663366 0.9954268292682927 0.07178217821782178
2 0.48323170731707316 0.040222772277227724 0.04878048780487805 0.03341584158415842
2 0.5403963414634146 0.040222772277227724 0.04725609756097561 0.03341584158415842
2 0.6021341463414634 0.040222772277227724 0.06097560975609756 0.03341584158415842
2 0.6821646341463414 0.040222772277227724 0.08079268292682927 0.03341584158415842
2 0.7629573170731707 0.040222772277227724 0.0625 0.03341584158415842
2 0.8407012195121951 0.040222772277227724 0.07164634146341463 0.03341584158415842
2 0.27134146341463417 0.04146039603960396 0.054878048780487805 0.03341584158415842
2 0.34375 0.04146039603960396 0.06859756097560976 0.03341584158415842
2 0.4176829268292683 0.04146039603960396 0.06402439024390244 0.03341584158415842
2 0.9329268292682927 0.04146039603960396 0.09451219512195122 0.03094059405940594
4 0.09222560975609756 0.4245049504950495 0.14786585365853658 0.04455445544554455
5 0.08231707317073171 0.5117574257425742 0.12804878048780488 0.04579207920792079
2 0.23094512195121952 0.5853960396039604 0.09603658536585366 0.034653465346534656
13 0.17835365853658536 0.6745049504950495 0.12195121951219512 0.039603960396039604
11 0.14710365853658536 0.6763613861386139 0.05030487804878049 0.03341584158415842
11 0.3407012195121951 0.7320544554455446 0.05030487804878049 0.03341584158415842
13 0.375 0.7320544554455446 0.12804878048780488 0.038366336633663366
2 0.20426829268292682 0.7326732673267327 0.0701219512195122 0.034653465346534656
13 0.38490853658536583 0.7326732673267327 0.4405487804878049 0.054455445544554455
2 0.21036585365853658 0.7957920792079208 0.06402439024390244 0.034653465346534656
11 0.34146341463414637 0.7957920792079208 0.04878048780487805 0.03217821782178218
13 0.6272865853658537 0.7957920792079208 0.14176829268292682 0.039603960396039604
13 0.801829268292683 0.7957920792079208 0.13414634146341464 0.039603960396039604
13 0.35365853658536583 0.7964108910891089 0.3567073170731707 0.04579207920792079
13 0.3978658536585366 0.7964108910891089 0.6128048780487805 0.06064356435643564
13 0.43597560975609756 0.7964108910891089 0.5304878048780488 0.053217821782178217
2 0.5914634146341463 0.7964108910891089 0.06097560975609756 0.03341584158415842
11 0.6692073170731707 0.7964108910891089 0.051829268292682924 0.03341584158415842
2 0.7629573170731707 0.7964108910891089 0.05030487804878049 0.03341584158415842
11 0.8384146341463414 0.7964108910891089 0.051829268292682924 0.03341584158415842
2 0.11890243902439024 0.7964108910891089 0.051829268292682924 0.03341584158415842
4 0.09298780487804878 0.8533415841584159 0.14634146341463414 0.04579207920792079
5 0.08155487804878049 0.8997524752475248 0.12652439024390244 0.04702970297029703
13 0.35746951219512196 0.10024752475247525 0.3826219512195122 0.04702970297029703
2 0.20426829268292682 0.10086633663366337 0.06402439024390244 0.03341584158415842
2 0.3384146341463415 0.10086633663366337 0.057926829268292686 0.03341584158415842