11 0.13009845288326302 0.18006430868167203 0.06329113924050633 0.04501607717041801
3 0.1589310829817159 0.2837620578778135 0.2812939521800281 0.05305466237942122
3 0.14345991561181434 0.4590032154340836 0.2812939521800281 0.05305466237942122
1 0.06610407876230662 0.04742765273311897 0.12658227848101267 0.08842443729903537
0 0.3755274261603376 0.522508038585209 0.7172995780590717 0.07717041800643087
11 0.19831223628691982 0.5233118971061094 0.06188466947960619 0.04340836012861737
13 0.2918424753867792 0.5233118971061094 0.25738396624472576 0.06270096463022508
13 0.3319268635724332 0.5233118971061094 0.16877637130801687 0.05305466237942122
13 0.6371308016877637 0.5233118971061094 0.16877637130801687 0.05305466237942122
13 0.2630098452883263 0.5241157556270096 0.3234880450070324 0.0707395498392283
11 0.38115330520393814 0.5241157556270096 0.06188466947960619 0.04501607717041801
13 0.5780590717299579 0.5241157556270096 0.29535864978902954 0.06109324758842444
11 0.6870604781997187 0.5241157556270096 0.06329113924050633 0.04501607717041801
3 0.5070323488045007 0.6053054662379421 0.9774964838255977 0.08520900321543408
13 0.6645569620253164 0.6061093247588425 0.18424753867791843 0.05466237942122187
13 0.3389592123769339 0.7395498392282959 0.1659634317862166 0.05466237942122187
13 0.3649789029535865 0.7395498392282959 0.24050632911392406 0.06109324758842444
11 0.3108298171589311 0.7403536977491961 0.06188466947960619 0.04662379421221865
13 0.3361462728551336 0.7411575562700965 0.3066104078762307 0.0707395498392283
11 0.18846694796061886 0.1229903536977492 0.06188466947960619 0.04662379421221865
13 0.22362869198312235 0.12459807073954984 0.14345991561181434 0.05627009646302251