2 0.5606796116504854 0.19161676646706588 0.3058252427184466 0.041916167664670656
13 0.662621359223301 0.19161676646706588 0.529126213592233 0.04790419161676647
2 0.5606796116504854 0.24850299401197604 0.3058252427184466 0.041916167664670656
13 0.6650485436893204 0.24925149700598803 0.5339805825242718 0.04940119760479042
2 0.40048543689320387 0.029940119760479042 0.3155339805825243 0.041916167664670656
13 0.5 0.030688622754491017 0.6796116504854369 0.04940119760479042
2 0.5606796116504854 0.30538922155688625 0.3058252427184466 0.041916167664670656
13 0.662621359223301 0.30538922155688625 0.529126213592233 0.04790419161676647
2 0.5461165048543689 0.35778443113772457 0.3058252427184466 0.041916167664670656
2 0.5461165048543689 0.405688622754491 0.3058252427184466 0.041916167664670656
5 0.2621359223300971 0.4588323353293413 0.39805825242718446 0.05538922155688623
13 0.5 0.5479041916167665 0.6796116504854369 0.05089820359281437
2 0.40048543689320387 0.5479041916167665 0.3155339805825243 0.041916167664670656
4 0.2961165048543689 0.6040419161676647 0.46601941747572817 0.05538922155688623
2 0.5485436893203883 0.657185628742515 0.30097087378640774 0.041916167664670656
2 0.5606796116504854 0.7095808383233533 0.3058252427184466 0.041916167664670656
13 0.6650485436893204 0.7103293413173652 0.5339805825242718 0.04940119760479042
13 0.662621359223301 0.7657185628742516 0.529126213592233 0.04940119760479042
2 0.5606796116504854 0.7664670658682635 0.3058252427184466 0.041916167664670656
2 0.5606796116504854 0.8226047904191617 0.3058252427184466 0.040419161676646706
13 0.6650485436893204 0.8233532934131736 0.5339805825242718 0.04790419161676647
4 0.2961165048543689 0.08682634730538923 0.46601941747572817 0.05688622754491018
2 0.5461165048543689 0.875748502994012 0.3058252427184466 0.041916167664670656
5 0.2645631067961165 0.9273952095808383 0.4029126213592233 0.05538922155688623
2 0.5461165048543689 0.13922155688622753 0.3058252427184466 0.041916167664670656