13 0.5016722408026756 0.16242937853107345 0.7759197324414716 0.0480225988700565
11 0.3177257525083612 0.16242937853107345 0.3010033444816054 0.03954802259887006
6 0.2608695652173913 0.21257062146892655 0.43478260869565216 0.046610169491525424
6 0.459866220735786 0.2923728813559322 0.8394648829431438 0.05367231638418079
11 0.5083612040133779 0.2923728813559322 0.3010033444816054 0.03954802259887006
11 0.3177257525083612 0.3757062146892655 0.3010033444816054 0.03954802259887006
13 0.4916387959866221 0.3764124293785311 0.7625418060200669 0.046610169491525424
1 0.3110367892976589 0.04307909604519774 0.6086956521739131 0.08050847457627118
6 0.2692307692307692 0.4265536723163842 0.45819397993311034 0.04519774011299435
11 0.5083612040133779 0.5056497175141242 0.3010033444816054 0.03954802259887006
6 0.459866220735786 0.5070621468926554 0.8327759197324415 0.05367231638418079
13 0.45484949832775917 0.5896892655367232 0.6889632107023411 0.046610169491525424
11 0.3193979933110368 0.5903954802259888 0.2976588628762542 0.03954802259887006
6 0.2709030100334448 0.6391242937853108 0.45484949832775917 0.046610169491525424
11 0.5083612040133779 0.7189265536723164 0.3010033444816054 0.03954802259887006
6 0.46153846153846156 0.719632768361582 0.8361204013377926 0.05508474576271186
13 0.43812709030100333 0.8029661016949152 0.6555183946488294 0.046610169491525424
11 0.3177257525083612 0.8036723163841808 0.3010033444816054 0.03954802259887006
6 0.2709030100334448 0.8524011299435028 0.45484949832775917 0.046610169491525424
6 0.46153846153846156 0.9322033898305084 0.8361204013377926 0.05367231638418079
11 0.5066889632107023 0.9336158192090396 0.30434782608695654 0.03954802259887006
6 0.4230769230769231 0.1094632768361582 0.8327759197324415 0.052259887005649715
11 0.4698996655518395 0.1094632768361582 0.2976588628762542 0.04096045197740113