4 0.3324324324324324 0.17539267015706805 0.5243243243243243 0.04712041884816754
11 0.5459459459459459 0.26767015706806285 0.17297297297297298 0.03534031413612566
13 0.6567567567567567 0.26767015706806285 0.42702702702702705 0.04319371727748691
11 0.36486486486486486 0.0274869109947644 0.1783783783783784 0.03664921465968586
13 0.4756756756756757 0.0274869109947644 0.5837837837837838 0.04450261780104712
13 0.6594594594594595 0.40903141361256545 0.43243243243243246 0.04319371727748691
11 0.7702702702702703 0.40903141361256545 0.1783783783783784 0.03534031413612566
5 0.2945945945945946 0.4594240837696335 0.4486486486486487 0.049738219895287955
11 0.4189189189189189 0.5359947643979057 0.1783783783783784 0.03534031413612566
13 0.5324324324324324 0.5359947643979057 0.5783783783783784 0.04319371727748691
4 0.3891891891891892 0.6845549738219895 0.518918918918919 0.04712041884816754
13 0.7162162162162162 0.7761780104712042 0.42702702702702705 0.041884816753926704
11 0.6027027027027027 0.7768324607329843 0.1783783783783784 0.03534031413612566
11 0.8297297297297297 0.9181937172774869 0.1783783783783784 0.03534031413612566
13 0.7189189189189189 0.918848167539267 0.42162162162162165 0.041884816753926704
5 0.35135135135135137 0.9672774869109948 0.4540540540540541 0.04712041884816754