2 0.5487804878048781 0.1975867269984917 0.3073170731707317 0.042232277526395176
2 0.5634146341463414 0.25037707390648567 0.3073170731707317 0.042232277526395176
13 0.6829268292682927 0.25188536953242835 0.5658536585365853 0.048265460030165915
13 0.5024390243902439 0.03092006033182504 0.6829268292682927 0.049773755656108594
2 0.4024390243902439 0.03092006033182504 0.3170731707317073 0.043740573152337855
5 0.2634146341463415 0.3076923076923077 0.4 0.05429864253393665
2 0.5634146341463414 0.3650075414781297 0.3073170731707317 0.042232277526395176
13 0.6804878048780488 0.36576168929110103 0.5707317073170731 0.049773755656108594
4 0.2951219512195122 0.4215686274509804 0.47317073170731705 0.05580693815987934
13 0.6804878048780488 0.4781297134238311 0.5707317073170731 0.048265460030165915
2 0.5634146341463414 0.4796380090497738 0.3073170731707317 0.042232277526395176
2 0.5634146341463414 0.5361990950226244 0.3073170731707317 0.04072398190045249
13 0.6682926829268293 0.5361990950226244 0.5365853658536586 0.049773755656108594
5 0.26097560975609757 0.5927601809954751 0.40487804878048783 0.05429864253393665
2 0.551219512195122 0.6455505279034691 0.3024390243902439 0.042232277526395176
4 0.2951219512195122 0.6990950226244343 0.47317073170731705 0.05580693815987934
13 0.6707317073170732 0.755656108597285 0.551219512195122 0.048265460030165915
2 0.5634146341463414 0.7564102564102564 0.3073170731707317 0.04072398190045249
5 0.26097560975609757 0.8129713423831071 0.40487804878048783 0.05429864253393665
2 0.5634146341463414 0.8702865761689291 0.3073170731707317 0.042232277526395176
13 0.6731707317073171 0.8702865761689291 0.5463414634146342 0.05128205128205128
4 0.2975609756097561 0.08748114630467571 0.4682926829268293 0.05731523378582202
2 0.5634146341463414 0.9276018099547512 0.3073170731707317 0.042232277526395176
13 0.6634146341463415 0.9276018099547512 0.5365853658536586 0.048265460030165915
2 0.5634146341463414 0.14479638009049775 0.3073170731707317 0.042232277526395176
13 0.6658536585365854 0.14479638009049775 0.5317073170731708 0.048265460030165915