13 0.4371584699453552 0.19606164383561644 0.23497267759562843 0.05650684931506849
2 0.3729508196721312 0.1969178082191781 0.09016393442622951 0.04794520547945205
2 0.5013661202185792 0.1969178082191781 0.09016393442622951 0.04794520547945205
13 0.2814207650273224 0.2654109589041096 0.34972677595628415 0.0547945205479452
13 0.7103825136612022 0.2654109589041096 0.36065573770491804 0.0547945205479452
11 0.6475409836065574 0.2662671232876712 0.14207650273224043 0.046232876712328765
11 0.21584699453551912 0.2662671232876712 0.13114754098360656 0.046232876712328765
13 0.3879781420765027 0.3441780821917808 0.24043715846994534 0.0547945205479452
13 0.44398907103825136 0.3441780821917808 0.3633879781420765 0.06506849315068493
13 0.505464480874317 0.3441780821917808 0.5027322404371585 0.07534246575342465
0 0.505464480874317 0.3441780821917808 0.9453551912568307 0.0821917808219178
2 0.8155737704918032 0.3441780821917808 0.09016393442622951 0.04452054794520548
2 0.32103825136612024 0.3450342465753425 0.09016393442622951 0.046232876712328765
2 0.4562841530054645 0.3450342465753425 0.09289617486338798 0.046232876712328765
2 0.9180327868852459 0.3450342465753425 0.09289617486338798 0.046232876712328765
2 0.1953551912568306 0.3450342465753425 0.09016393442622951 0.046232876712328765
2 0.8073770491803278 0.4272260273972603 0.09016393442622951 0.046232876712328765
13 0.28688524590163933 0.4280821917808219 0.24043715846994534 0.0547945205479452
13 0.34153005464480873 0.4280821917808219 0.366120218579235 0.06506849315068493
2 0.35382513661202186 0.4280821917808219 0.09016393442622951 0.04794520547945205
13 0.3975409836065574 0.4280821917808219 0.49453551912568305 0.07534246575342465
2 0.7049180327868853 0.4280821917808219 0.09289617486338798 0.04794520547945205
2 0.9084699453551912 0.4280821917808219 0.09016393442622951 0.04794520547945205
2 0.21721311475409835 0.4280821917808219 0.09016393442622951 0.04794520547945205
0 0.5013661202185792 0.4289383561643836 0.9371584699453552 0.0839041095890411
1 0.3319672131147541 0.05051369863013699 0.6584699453551912 0.0976027397260274
2 0.27595628415300544 0.053082191780821915 0.08743169398907104 0.04452054794520548
2 0.3797814207650273 0.05393835616438356 0.08743169398907104 0.04280821917808219
2 0.48360655737704916 0.05393835616438356 0.08743169398907104 0.04280821917808219
2 0.5860655737704918 0.05393835616438356 0.09016393442622951 0.046232876712328765
13 0.30191256830601093 0.5436643835616438 0.3360655737704918 0.05650684931506849
11 0.6612021857923497 0.5436643835616438 0.14207650273224043 0.046232876712328765
13 0.7185792349726776 0.5436643835616438 0.3442622950819672 0.05650684931506849
11 0.2459016393442623 0.5445205479452054 0.13114754098360656 0.04794520547945205
13 0.31830601092896177 0.6815068493150684 0.23770491803278687 0.0547945205479452
2 0.383879781420765 0.6815068493150684 0.09016393442622951 0.04794520547945205
13 0.7349726775956285 0.6815068493150684 0.24043715846994534 0.05821917808219178
2 0.24863387978142076 0.6815068493150684 0.08743169398907104 0.04794520547945205
13 0.37158469945355194 0.6823630136986302 0.366120218579235 0.06335616438356165
2 0.6653005464480874 0.6823630136986302 0.09016393442622951 0.046232876712328765
13 0.7896174863387978 0.6823630136986302 0.366120218579235 0.06678082191780822
2 0.8005464480874317 0.6823630136986302 0.09289617486338798 0.046232876712328765
4 0.19398907103825136 0.7508561643835616 0.26229508196721313 0.06335616438356165
5 0.1762295081967213 0.8159246575342466 0.226775956284153 0.06335616438356165
2 0.3620218579234973 0.13184931506849315 0.09016393442622951 0.04794520547945205
2 0.4890710382513661 0.13184931506849315 0.09289617486338798 0.04794520547945205
13 0.42349726775956287 0.1327054794520548 0.23497267759562843 0.05650684931506849