11 0.5640394088669951 0.30089485458612975 0.30049261083743845 0.06040268456375839
13 0.6748768472906403 0.30201342281879195 0.541871921182266 0.07158836689038031
11 0.5640394088669951 0.38478747203579416 0.30049261083743845 0.06263982102908278
13 0.6847290640394089 0.3859060402684564 0.5615763546798029 0.0738255033557047
13 0.6798029556650246 0.46868008948545864 0.5615763546798029 0.0738255033557047
11 0.3472906403940887 0.04697986577181208 0.2019704433497537 0.06263982102908278
13 0.45073891625615764 0.04809843400447427 0.5665024630541872 0.0738255033557047
11 0.5615763546798029 0.4697986577181208 0.2955665024630542 0.06263982102908278
11 0.5665024630541872 0.5548098434004475 0.2955665024630542 0.06263982102908278
13 0.6674876847290641 0.5548098434004475 0.5270935960591133 0.07158836689038031
11 0.5665024630541872 0.639821029082774 0.2955665024630542 0.06263982102908278
13 0.6748768472906403 0.639821029082774 0.541871921182266 0.07158836689038031
5 0.2684729064039409 0.7248322147651006 0.4088669950738916 0.08501118568232663
11 0.5640394088669951 0.8076062639821029 0.30049261083743845 0.06263982102908278
13 0.6674876847290641 0.8076062639821029 0.5270935960591133 0.07158836689038031
11 0.5665024630541872 0.8926174496644296 0.2955665024630542 0.06263982102908278
13 0.6847290640394089 0.8926174496644296 0.5615763546798029 0.07158836689038031
4 0.29802955665024633 0.13087248322147652 0.47783251231527096 0.08277404921700224
11 0.5615763546798029 0.21700223713646533 0.2955665024630542 0.06263982102908278
13 0.6748768472906403 0.21700223713646533 0.541871921182266 0.07158836689038031