11 0.7963604852686309 0.21428571428571427 0.10571923743500866 0.05523809523809524
0 0.42980935875216636 0.21523809523809523 0.8526863084922011 0.06476190476190476
13 0.2582322357019064 0.34285714285714286 0.36741767764298094 0.06476190476190476
11 0.18890814558058924 0.41904761904761906 0.05545927209705372 0.05333333333333334
11 0.5675909878682842 0.41904761904761906 0.05719237435008666 0.05333333333333334
13 0.6048526863084922 0.41904761904761906 0.14558058925476602 0.06476190476190476
4 0.1048526863084922 0.4961904761904762 0.1681109185441941 0.06666666666666667
1 0.2001733102253033 0.05523809523809524 0.389948006932409 0.11047619047619048
13 0.6906412478336221 0.5723809523809524 0.1438474870017331 0.06285714285714286
11 0.1949740034662045 0.5733333333333334 0.05719237435008666 0.049523809523809526
13 0.231369150779896 0.5733333333333334 0.1438474870017331 0.06476190476190476
11 0.6525129982668978 0.5733333333333334 0.05719237435008666 0.05333333333333334
2 0.341421143847487 0.05904761904761905 0.06932409012131716 0.05333333333333334
2 0.25736568457538994 0.06 0.08145580589254767 0.05142857142857143
5 0.09358752166377816 0.6514285714285715 0.14558058925476602 0.06857142857142857
0 0.4410745233968804 0.8933333333333333 0.8752166377816292 0.06476190476190476
11 0.8162911611785095 0.8933333333333333 0.10745233968804159 0.05333333333333334