2 0.42071197411003236 0.3948339483394834 0.1423948220064725 0.1033210332103321
2 0.42071197411003236 0.514760147601476 0.1423948220064725 0.0996309963099631
13 0.5647249190938511 0.6439114391143912 0.42394822006472493 0.12177121771217712
2 0.4935275080906149 0.6457564575645757 0.2686084142394822 0.1033210332103321
10 0.38349514563106796 0.7841328413284133 0.7540453074433657 0.13653136531365315
2 0.459546925566343 0.7841328413284133 0.26537216828478966 0.1070110701107011
13 0.5307443365695793 0.7841328413284133 0.42071197411003236 0.12177121771217712
14 0.24433656957928804 0.9132841328413284 0.47572815533980584 0.12177121771217712
1 0.49870550161812294 0.11107011070110702 0.9870550161812298 0.21033210332103322
2 0.45145631067961167 0.11623616236162361 0.13915857605177995 0.0996309963099631
2 0.610032362459547 0.11623616236162361 0.13915857605177995 0.0996309963099631
2 0.8284789644012945 0.11623616236162361 0.2588996763754045 0.0996309963099631
10 0.2605177993527508 0.2767527675276753 0.5080906148867314 0.11808118081180811