6 0.23636363636363636 0.22659732540861813 0.42424242424242425 0.04903417533432392
3 0.498989898989899 0.03417533432392273 0.9939393939393939 0.06537890044576523
13 0.7151515151515152 0.03417533432392273 0.4080808080808081 0.0475482912332838
11 0.16565656565656567 0.40713224368499257 0.1292929292929293 0.041604754829123326
13 0.2080808080808081 0.4078751857355126 0.2828282828282828 0.04903417533432392
10 0.2202020202020202 0.45988112927191677 0.39191919191919194 0.04903417533432392
13 0.21212121212121213 0.5601783060921248 0.2505050505050505 0.05052005943536404
11 0.1717171717171717 0.5601783060921248 0.09696969696969697 0.041604754829123326
6 0.2313131313131313 0.612184249628529 0.3696969696969697 0.05052005943536404
11 0.1717171717171717 0.6961367013372957 0.09696969696969697 0.04011887072808321
13 0.21313131313131314 0.6968796433878157 0.24848484848484848 0.05052005943536404
6 0.22525252525252526 0.7964338781575037 0.3575757575757576 0.0475482912332838
11 0.22828282828282828 0.09435364041604755 0.2101010101010101 0.04011887072808321
13 0.2686868686868687 0.0950965824665676 0.3595959595959596 0.0475482912332838
8 0.17676767676767677 0.14635958395245172 0.2606060606060606 0.04903417533432392