2 0.42071197411003236 0.3948339483394834 0.1423948220064725 0.1033210332103321
2 0.4190938511326861 0.5129151291512916 0.14563106796116504 0.1033210332103321
10 0.38349514563106796 0.6420664206642066 0.7540453074433657 0.14022140221402213
13 0.529126213592233 0.6420664206642066 0.42394822006472493 0.11808118081180811
2 0.459546925566343 0.6439114391143912 0.26537216828478966 0.1070110701107011
2 0.4919093851132686 0.7841328413284133 0.26537216828478966 0.1070110701107011
13 0.5614886731391586 0.7841328413284133 0.42394822006472493 0.12177121771217712
14 0.24433656957928804 0.9132841328413284 0.47572815533980584 0.12177121771217712
1 0.49838187702265374 0.11070110701107011 0.9902912621359223 0.2140221402214022
2 0.45145631067961167 0.11439114391143912 0.13915857605177995 0.1033210332103321
2 0.8268608414239482 0.11623616236162361 0.2621359223300971 0.0996309963099631
2 0.610032362459547 0.11808118081180811 0.13915857605177995 0.0959409594095941
10 0.2588996763754045 0.27490774907749077 0.5048543689320388 0.12177121771217712