2 0.5631067961165048 0.2056 0.30097087378640774 0.0464
13 0.662621359223301 0.2072 0.5388349514563107 0.0528
2 0.5606796116504854 0.2672 0.3058252427184466 0.0448
13 0.6601941747572816 0.2672 0.5339805825242718 0.0512
13 0.6650485436893204 0.3272 0.5339805825242718 0.0528
2 0.5606796116504854 0.328 0.3058252427184466 0.0448
13 0.5024271844660194 0.0344 0.6747572815533981 0.0528
2 0.40048543689320387 0.0344 0.3155339805825243 0.0432
2 0.5461165048543689 0.384 0.3058252427184466 0.0448
5 0.2645631067961165 0.4392 0.4029126213592233 0.0592
2 0.40048543689320387 0.5344 0.3155339805825243 0.0448
13 0.5 0.5352 0.6796116504854369 0.0528
4 0.2936893203883495 0.5944 0.470873786407767 0.0592
2 0.5461165048543689 0.6512 0.3058252427184466 0.0448
2 0.5461165048543689 0.7024 0.3058252427184466 0.0448
2 0.5631067961165048 0.7592 0.30097087378640774 0.0432
13 0.662621359223301 0.7592 0.5388349514563107 0.0528
2 0.5461165048543689 0.816 0.3058252427184466 0.0448
2 0.5485436893203883 0.8672 0.30097087378640774 0.0448
2 0.5485436893203883 0.0888 0.30097087378640774 0.0432
5 0.2645631067961165 0.9248 0.4029126213592233 0.0608
4 0.2961165048543689 0.1456 0.46601941747572817 0.0576