6 0.5141065830721003 0.3119047619047619 0.9529780564263323 0.05238095238095238
3 0.4592476489028213 0.4142857142857143 0.774294670846395 0.05396825396825397
10 0.3510971786833856 0.4650793650793651 0.4952978056426332 0.05396825396825397
10 0.3510971786833856 0.5507936507936508 0.4952978056426332 0.050793650793650794
10 0.2836990595611285 0.7047619047619048 0.49216300940438873 0.050793650793650794
3 0.42476489028213166 0.7579365079365079 0.774294670846395 0.05238095238095238
10 0.3181818181818182 0.8087301587301587 0.49216300940438873 0.05238095238095238
10 0.3181818181818182 0.8944444444444445 0.49216300940438873 0.05238095238095238
11 0.22570532915360503 0.10158730158730159 0.13793103448275862 0.044444444444444446
13 0.28996865203761757 0.10158730158730159 0.3730407523510972 0.05396825396825397
8 0.24921630094043887 0.15714285714285714 0.4231974921630094 0.050793650793650794