6 0.08835904628330996 0.26354679802955666 0.17110799438990182 0.08374384236453201
0 0.5 0.35467980295566504 0.9943899018232819 0.10837438423645321
2 0.26367461430575034 0.35591133004926107 0.061711079943899017 0.07142857142857142
13 0.2917251051893408 0.35591133004926107 0.12622720897615708 0.0812807881773399
13 0.3211781206171108 0.35591133004926107 0.1935483870967742 0.0960591133004926
6 0.09256661991584852 0.5431034482758621 0.17952314165497896 0.0812807881773399
1 0.24754558204768584 0.07266009852216748 0.4894810659186536 0.14039408866995073
2 0.26858345021037866 0.07635467980295567 0.05750350631136045 0.06403940886699508
2 0.4488078541374474 0.07758620689655173 0.056100981767180924 0.07142857142857142
13 0.17601683029453016 0.7943349753694581 0.16129032258064516 0.0812807881773399
2 0.14656381486676018 0.7955665024630542 0.05750350631136045 0.06896551724137931
0 0.07573632538569425 0.8866995073891626 0.1150070126227209 0.07881773399014778