2 0.5487804878048781 0.2231686541737649 0.3073170731707317 0.04770017035775128
5 0.26097560975609757 0.2836456558773424 0.40487804878048783 0.06303236797274275
13 0.5024390243902439 0.03492333901192504 0.6829268292682927 0.056218057921635436
2 0.4024390243902439 0.03492333901192504 0.3170731707317073 0.049403747870528106
2 0.5634146341463414 0.3475298126064736 0.3073170731707317 0.04770017035775128
13 0.6707317073170732 0.348381601362862 0.551219512195122 0.056218057921635436
4 0.2951219512195122 0.4122657580919932 0.47317073170731705 0.06473594548551959
5 0.26097560975609757 0.47700170357751276 0.40487804878048783 0.06132879045996593
2 0.5634146341463414 0.540885860306644 0.3073170731707317 0.04599659284497445
13 0.6829268292682927 0.5417376490630323 0.5658536585365853 0.054514480408858604
4 0.2951219512195122 0.6056218057921635 0.47317073170731705 0.06303236797274275
2 0.5609756097560976 0.6695059625212947 0.3121951219512195 0.04770017035775128
13 0.6804878048780488 0.6695059625212947 0.5609756097560976 0.054514480408858604
13 0.6804878048780488 0.7333901192504259 0.5609756097560976 0.056218057921635436
2 0.5634146341463414 0.7342419080068143 0.3073170731707317 0.04770017035775128
5 0.26097560975609757 0.7981260647359455 0.40487804878048783 0.06303236797274275
2 0.5487804878048781 0.858603066439523 0.3073170731707317 0.04770017035775128
2 0.5609756097560976 0.9173764906303237 0.3024390243902439 0.049403747870528106
13 0.6731707317073171 0.9173764906303237 0.5463414634146342 0.056218057921635436
13 0.6707317073170732 0.09965928449744463 0.551219512195122 0.05281090289608177
2 0.5634146341463414 0.10051107325383304 0.3073170731707317 0.04770017035775128
4 0.2951219512195122 0.1635434412265758 0.47317073170731705 0.06473594548551959