13 0.3490566037735849 0.15204678362573099 0.38544474393531 0.05555555555555555
11 0.3504043126684636 0.15204678362573099 0.0862533692722372 0.04093567251461988
2 0.48921832884097033 0.15204678362573099 0.0889487870619946 0.04093567251461988
2 0.6549865229110512 0.15204678362573099 0.09703504043126684 0.04093567251461988
13 0.7183288409703504 0.15204678362573099 0.2398921832884097 0.04678362573099415
2 0.9258760107816711 0.15204678362573099 0.0889487870619946 0.04093567251461988
2 0.2183288409703504 0.15204678362573099 0.09703504043126684 0.04093567251461988
13 0.2830188679245283 0.1527777777777778 0.2371967654986523 0.04824561403508772
11 0.7857142857142857 0.1527777777777778 0.0889487870619946 0.039473684210526314
13 0.7857142857142857 0.15350877192982457 0.38544474393531 0.05555555555555555
4 0.16307277628032346 0.21125730994152048 0.261455525606469 0.054093567251461985
13 0.2830188679245283 0.27046783625730997 0.2371967654986523 0.04678362573099415
11 0.3504043126684636 0.27046783625730997 0.09164420485175202 0.04093567251461988
2 0.49056603773584906 0.27046783625730997 0.09164420485175202 0.04093567251461988
2 0.6536388140161725 0.27046783625730997 0.09433962264150944 0.04093567251461988
11 0.7857142857142857 0.27046783625730997 0.0889487870619946 0.04093567251461988
2 0.9258760107816711 0.27046783625730997 0.0889487870619946 0.04093567251461988
2 0.2183288409703504 0.27046783625730997 0.09703504043126684 0.04093567251461988
13 0.3504043126684636 0.2711988304093567 0.38274932614555257 0.054093567251461985
13 0.7183288409703504 0.2711988304093567 0.2398921832884097 0.04824561403508772
13 0.7857142857142857 0.2711988304093567 0.38544474393531 0.054093567251461985
13 0.284366576819407 0.3333333333333333 0.2398921832884097 0.04678362573099415
13 0.3490566037735849 0.3333333333333333 0.38544474393531 0.05555555555555555
2 0.4919137466307278 0.3333333333333333 0.0889487870619946 0.038011695906432746
13 0.7210242587601078 0.3333333333333333 0.2398921832884097 0.04678362573099415
11 0.7884097035040432 0.3333333333333333 0.0889487870619946 0.04093567251461988
2 0.9285714285714286 0.3333333333333333 0.0889487870619946 0.04093567251461988
2 0.2196765498652291 0.3333333333333333 0.09973045822102426 0.04093567251461988
11 0.35175202156334234 0.3340643274853801 0.0889487870619946 0.039473684210526314
2 0.6576819407008087 0.3340643274853801 0.09703504043126684 0.039473684210526314
13 0.7870619946091644 0.3347953216374269 0.3881401617250674 0.05555555555555555
2 0.27897574123989216 0.033625730994152045 0.0889487870619946 0.04093567251461988
13 0.3423180592991914 0.033625730994152045 0.23180592991913745 0.04678362573099415
11 0.4056603773584906 0.033625730994152045 0.0889487870619946 0.04093567251461988
13 0.4299191374663073 0.033625730994152045 0.5148247978436657 0.05555555555555555
2 0.5714285714285714 0.033625730994152045 0.14016172506738545 0.04093567251461988
2 0.9258760107816711 0.3961988304093567 0.0889487870619946 0.04093567251461988
11 0.3490566037735849 0.3969298245614035 0.0889487870619946 0.039473684210526314
13 0.3504043126684636 0.3969298245614035 0.38274932614555257 0.054093567251461985
2 0.6549865229110512 0.3969298245614035 0.09703504043126684 0.039473684210526314
13 0.7196765498652291 0.3969298245614035 0.2371967654986523 0.04532163742690058
11 0.7857142857142857 0.3969298245614035 0.0889487870619946 0.039473684210526314
2 0.2183288409703504 0.3969298245614035 0.09703504043126684 0.039473684210526314
13 0.2830188679245283 0.39766081871345027 0.2371967654986523 0.04678362573099415
2 0.49056603773584906 0.39766081871345027 0.09164420485175202 0.04093567251461988
13 0.784366576819407 0.39766081871345027 0.38274932614555257 0.05555555555555555
5 0.14420485175202155 0.4554093567251462 0.22371967654986524 0.054093567251461985
11 0.38544474393531 0.5116959064327485 0.0862533692722372 0.04093567251461988
13 0.45148247978436656 0.5116959064327485 0.2398921832884097 0.049707602339181284
2 0.5161725067385444 0.5116959064327485 0.09433962264150944 0.04093567251461988
2 0.37601078167115903 0.597953216374269 0.0889487870619946 0.04093567251461988
11 0.5026954177897575 0.5986842105263158 0.0889487870619946 0.039473684210526314
13 0.4393530997304582 0.5994152046783626 0.23180592991913745 0.04678362573099415
2 0.4609164420485175 0.6564327485380117 0.09164420485175202 0.04093567251461988
11 0.7574123989218329 0.6564327485380117 0.0862533692722372 0.04093567251461988
2 0.6253369272237197 0.6571637426900585 0.09703504043126684 0.039473684210526314
13 0.6900269541778976 0.6571637426900585 0.2371967654986523 0.04824561403508772
13 0.7574123989218329 0.6571637426900585 0.3881401617250674 0.05701754385964912
2 0.8975741239892183 0.6571637426900585 0.0862533692722372 0.039473684210526314
2 0.18867924528301888 0.6571637426900585 0.09703504043126684 0.039473684210526314
13 0.32075471698113206 0.6578947368421053 0.38274932614555257 0.05555555555555555
11 0.32075471698113206 0.6578947368421053 0.09164420485175202 0.04093567251461988
13 0.25471698113207547 0.6578947368421053 0.2398921832884097 0.04678362573099415
4 0.1334231805929919 0.7171052631578947 0.261455525606469 0.054093567251461985
2 0.4609164420485175 0.7755847953216374 0.0862533692722372 0.039473684210526314
13 0.7560646900269542 0.7755847953216374 0.38544474393531 0.054093567251461985
11 0.7560646900269542 0.7755847953216374 0.0889487870619946 0.039473684210526314
13 0.32075471698113206 0.7763157894736842 0.38274932614555257 0.05555555555555555
2 0.6253369272237197 0.7763157894736842 0.09703504043126684 0.04093567251461988
13 0.6900269541778976 0.7763157894736842 0.2371967654986523 0.04678362573099415
2 0.8962264150943396 0.7763157894736842 0.0889487870619946 0.04093567251461988
2 0.19002695417789758 0.7763157894736842 0.09433962264150944 0.04093567251461988
13 0.25336927223719674 0.7763157894736842 0.2371967654986523 0.04678362573099415
11 0.32075471698113206 0.777046783625731 0.0862533692722372 0.039473684210526314
13 0.7587601078167115 0.8377192982456141 0.38544474393531 0.05555555555555555
13 0.32075471698113206 0.8384502923976608 0.38274932614555257 0.054093567251461985
13 0.692722371967655 0.8384502923976608 0.2371967654986523 0.04824561403508772
11 0.3221024258760108 0.8391812865497076 0.0889487870619946 0.04093567251461988
2 0.46226415094339623 0.8391812865497076 0.0889487870619946 0.04093567251461988
2 0.6266846361185984 0.8391812865497076 0.09973045822102426 0.04093567251461988
11 0.7601078167115903 0.8391812865497076 0.09164420485175202 0.04093567251461988
2 0.9016172506738545 0.8391812865497076 0.0889487870619946 0.04093567251461988
2 0.19137466307277629 0.8391812865497076 0.09703504043126684 0.04093567251461988
13 0.25471698113207547 0.8391812865497076 0.2398921832884097 0.04678362573099415
13 0.32075471698113206 0.902046783625731 0.38274932614555257 0.05263157894736842
2 0.4609164420485175 0.902046783625731 0.09164420485175202 0.04093567251461988
2 0.6253369272237197 0.902046783625731 0.09703504043126684 0.04093567251461988
13 0.6900269541778976 0.902046783625731 0.2371967654986523 0.04678362573099415
11 0.7560646900269542 0.902046783625731 0.0889487870619946 0.04093567251461988
2 0.898921832884097 0.902046783625731 0.0889487870619946 0.04093567251461988
13 0.25336927223719674 0.902046783625731 0.2371967654986523 0.04678362573099415
11 0.3194070080862534 0.9027777777777778 0.0889487870619946 0.039473684210526314
13 0.7560646900269542 0.9027777777777778 0.38544474393531 0.054093567251461985
2 0.19002695417789758 0.9027777777777778 0.09433962264150944 0.04239766081871345
2 0.40431266846361186 0.09283625730994152 0.09164420485175202 0.039473684210526314
13 0.46765498652291104 0.0935672514619883 0.23450134770889489 0.04678362573099415
11 0.532345013477089 0.0935672514619883 0.0889487870619946 0.04093567251461988
5 0.11590296495956873 0.9619883040935673 0.2210242587601078 0.05555555555555555