2 0.5634146341463414 0.2179054054054054 0.3073170731707317 0.0472972972972973
13 0.6658536585365854 0.2179054054054054 0.5317073170731708 0.05405405405405406
2 0.5487804878048781 0.27702702702702703 0.3073170731707317 0.0472972972972973
2 0.5487804878048781 0.33192567567567566 0.3073170731707317 0.04560810810810811
13 0.5 0.03462837837837838 0.6780487804878049 0.05574324324324324
2 0.4 0.03547297297297297 0.32195121951219513 0.0472972972972973
2 0.5634146341463414 0.3910472972972973 0.3073170731707317 0.04560810810810811
13 0.6780487804878049 0.3927364864864865 0.5658536585365853 0.05574324324324324
5 0.26097560975609757 0.4543918918918919 0.40487804878048783 0.060810810810810814
2 0.5634146341463414 0.518581081081081 0.3073170731707317 0.0472972972972973
13 0.6707317073170732 0.5194256756756757 0.551219512195122 0.05574324324324324
2 0.3975609756097561 0.6182432432432432 0.3170731707317073 0.0472972972972973
13 0.5024390243902439 0.6190878378378378 0.6731707317073171 0.05574324324324324
4 0.2951219512195122 0.6824324324324325 0.47317073170731705 0.06418918918918919
2 0.5487804878048781 0.7415540540540541 0.3073170731707317 0.0472972972972973
2 0.5487804878048781 0.7972972972972973 0.3073170731707317 0.0472972972972973
5 0.2634146341463415 0.8555743243243243 0.4097560975609756 0.0625
2 0.5634146341463414 0.9206081081081081 0.3073170731707317 0.0472972972972973
13 0.6634146341463415 0.9206081081081081 0.5365853658536586 0.05405405405405406
2 0.5487804878048781 0.0945945945945946 0.3073170731707317 0.0472972972972973
4 0.2951219512195122 0.15287162162162163 0.47317073170731705 0.0625