2 0.1969439728353141 0.17251908396946564 0.057724957555178265 0.042748091603053436
2 0.10950764006791172 0.17251908396946564 0.05602716468590832 0.042748091603053436
4 0.08488964346349745 0.28396946564885495 0.166383701188455 0.0549618320610687
5 0.0730050933786078 0.3419847328244275 0.14261460101867574 0.05801526717557252
11 0.6994906621392191 0.4068702290076336 0.06451612903225806 0.04122137404580153
13 0.7495755517826825 0.4068702290076336 0.17487266553480477 0.050381679389312976
13 0.7835314091680815 0.4068702290076336 0.30390492359932086 0.059541984732824425
13 0.18590831918505943 0.4076335877862595 0.21901528013582344 0.051908396946564885
11 0.4303904923599321 0.4076335877862595 0.11714770797962648 0.042748091603053436
13 0.46604414261460103 0.4076335877862595 0.2427843803056027 0.04885496183206107
11 0.15110356536502548 0.4083969465648855 0.09507640067911714 0.04122137404580153
1 0.2028862478777589 0.04580152671755725 0.398981324278438 0.08854961832061069
2 0.2164685908319185 0.04885496183206107 0.05263157894736842 0.03969465648854962
2 0.28098471986417656 0.04961832061068702 0.05263157894736842 0.04122137404580153
2 0.35059422750424446 0.04961832061068702 0.06621392190152801 0.04122137404580153
13 0.1960950764006791 0.5679389312977099 0.17487266553480477 0.04885496183206107
13 0.22835314091680814 0.5679389312977099 0.3073005093378608 0.05801526717557252
11 0.1460101867572156 0.5679389312977099 0.06451612903225806 0.03969465648854962
2 0.1969439728353141 0.8396946564885496 0.057724957555178265 0.042748091603053436
2 0.10950764006791172 0.8404580152671756 0.05602716468590832 0.04122137404580153
13 0.3387096774193548 0.8977099236641222 0.2699490662139219 0.05801526717557252
11 0.41171477079796265 0.8977099236641222 0.1035653650254669 0.042748091603053436
13 0.3769100169779287 0.898473282442748 0.1833616298811545 0.050381679389312976
4 0.08488964346349745 0.9595419847328245 0.16298811544991512 0.05648854961832061