2 0.24387755102040817 0.1812130177514793 0.0673469387755102 0.03994082840236687
13 0.3020408163265306 0.1812130177514793 0.19591836734693877 0.04585798816568047
11 0.3489795918367347 0.1812130177514793 0.08979591836734693 0.03994082840236687
13 0.35918367346938773 0.1819526627218935 0.3224489795918367 0.05621301775147929
11 0.4714285714285714 0.1819526627218935 0.08979591836734693 0.038461538461538464
11 0.30306122448979594 0.2485207100591716 0.0673469387755102 0.04142011834319527
13 0.27653061224489794 0.2492603550295858 0.39387755102040817 0.057692307692307696
13 0.726530612244898 0.2492603550295858 0.39183673469387753 0.05473372781065089
11 0.753061224489796 0.2492603550295858 0.06938775510204082 0.03994082840236687
13 0.2316326530612245 0.25 0.22244897959183674 0.05029585798816568
13 0.6795918367346939 0.25 0.22448979591836735 0.047337278106508875
11 0.4010204081632653 0.3136094674556213 0.08775510204081632 0.04142011834319527
13 0.36020408163265305 0.3143491124260355 0.1816326530612245 0.04881656804733728
11 0.25816326530612244 0.36538461538461536 0.0673469387755102 0.04142011834319527
11 0.1540816326530612 0.3661242603550296 0.0673469387755102 0.03994082840236687
4 0.12346938775510204 0.41789940828402367 0.19795918367346937 0.05473372781065089
1 0.2 0.04437869822485207 0.39183673469387753 0.08284023668639054
2 0.2612244897959184 0.04585798816568047 0.0653061224489796 0.03550295857988166
2 0.33877551020408164 0.04585798816568047 0.0653061224489796 0.038461538461538464
5 0.11020408163265306 0.47337278106508873 0.17142857142857143 0.05325443786982249
11 0.4020408163265306 0.5288461538461539 0.08571428571428572 0.03994082840236687
13 0.35918367346938773 0.5303254437869822 0.1836734693877551 0.04881656804733728
13 0.26632653061224487 0.5880177514792899 0.28775510204081634 0.05473372781065089
11 0.35408163265306125 0.5887573964497042 0.08775510204081632 0.038461538461538464
13 0.3122448979591837 0.5894970414201184 0.1836734693877551 0.04585798816568047
11 0.48673469387755103 0.5894970414201184 0.0673469387755102 0.03994082840236687
11 0.6806122448979591 0.5894970414201184 0.08775510204081632 0.03994082840236687
11 0.16020408163265307 0.5894970414201184 0.0673469387755102 0.03994082840236687
13 0.5908163265306122 0.5902366863905325 0.28775510204081634 0.05621301775147929
13 0.6387755102040816 0.5902366863905325 0.1836734693877551 0.047337278106508875
4 0.12346938775510204 0.6501479289940828 0.19795918367346937 0.051775147928994084
11 0.3010204081632653 0.7048816568047337 0.08775510204081632 0.03994082840236687
13 0.25918367346938775 0.7056213017751479 0.17959183673469387 0.047337278106508875
13 0.25816326530612244 0.761094674556213 0.1816326530612245 0.04585798816568047
11 0.3 0.761094674556213 0.08979591836734693 0.03994082840236687
11 0.30612244897959184 0.8165680473372781 0.08979591836734693 0.04142011834319527
13 0.2612244897959184 0.8173076923076923 0.18775510204081633 0.04881656804733728
11 0.30612244897959184 0.8720414201183432 0.08979591836734693 0.03994082840236687
13 0.26224489795918365 0.8727810650887574 0.18979591836734694 0.047337278106508875
5 0.11020408163265306 0.9289940828402367 0.1673469387755102 0.05325443786982249
13 0.36020408163265305 0.11686390532544379 0.32448979591836735 0.05621301775147929
2 0.24285714285714285 0.11760355029585799 0.0653061224489796 0.03994082840236687
11 0.35 0.11760355029585799 0.09183673469387756 0.03994082840236687
13 0.3020408163265306 0.11834319526627218 0.19591836734693877 0.047337278106508875
11 0.4714285714285714 0.11908284023668639 0.08979591836734693 0.03994082840236687