3 0.13584905660377358 0.025584795321637425 0.2691823899371069 0.04532163742690058
3 0.13584905660377358 0.25584795321637427 0.2691823899371069 0.04678362573099415
3 0.5069182389937107 0.31871345029239767 0.9811320754716981 0.07894736842105263
13 0.8088050314465409 0.31871345029239767 0.27169811320754716 0.05555555555555555
13 0.7842767295597485 0.3194444444444444 0.17484276729559747 0.04824561403508772
3 0.14025157232704402 0.5402046783625731 0.27547169811320754 0.04824561403508772
0 0.04339622641509434 0.5884502923976608 0.05408805031446541 0.04824561403508772
3 0.1270440251572327 0.6659356725146199 0.25157232704402516 0.04532163742690058
8 0.10628930817610063 0.7624269005847953 0.17987421383647798 0.04532163742690058
13 0.17232704402515722 0.07748538011695906 0.13836477987421383 0.04678362573099415
11 0.19748427672955976 0.07821637426900585 0.08050314465408805 0.039473684210526314
0 0.042767295597484274 0.8099415204678363 0.052830188679245285 0.04678362573099415
3 0.12955974842767295 0.8881578947368421 0.2540880503144654 0.04532163742690058