13 0.4373219373219373 0.23529411764705882 0.2535612535612536 0.0570409982174688
13 0.4943019943019943 0.23529411764705882 0.38461538461538464 0.0677361853832442
13 0.4373219373219373 0.3511586452762923 0.2535612535612536 0.0570409982174688
13 0.49572649572649574 0.3511586452762923 0.3817663817663818 0.0677361853832442
15 0.1752136752136752 0.04188948306595366 0.33903133903133903 0.0766488413547237
11 0.3717948717948718 0.46167557932263814 0.396011396011396 0.049910873440285206
13 0.43162393162393164 0.46167557932263814 0.6125356125356125 0.06060606060606061
13 0.5014245014245015 0.533868092691622 0.3817663817663818 0.06951871657754011
13 0.5683760683760684 0.533868092691622 0.23076923076923078 0.058823529411764705
11 0.5085470085470085 0.5347593582887701 0.09401709401709402 0.049910873440285206
0 0.43162393162393164 0.6051693404634582 0.7321937321937322 0.0659536541889483
13 0.5042735042735043 0.6060606060606061 0.5584045584045584 0.06060606060606061
11 0.28062678062678065 0.6060606060606061 0.09401709401709402 0.049910873440285206
11 0.5712250712250713 0.606951871657754 0.4074074074074074 0.0481283422459893
13 0.33760683760683763 0.6773618538324421 0.32763532763532766 0.0570409982174688
13 0.7236467236467237 0.67825311942959 0.33048433048433046 0.058823529411764705
11 0.28062678062678065 0.67825311942959 0.1225071225071225 0.0481283422459893
11 0.6666666666666666 0.679144385026738 0.11965811965811966 0.049910873440285206
10 0.358974358974359 0.750445632798574 0.5242165242165242 0.0677361853832442
11 0.42735042735042733 0.750445632798574 0.09686609686609686 0.049910873440285206
13 0.49002849002849 0.7513368983957219 0.2336182336182336 0.058823529411764705
10 0.36894586894586895 0.8520499108734403 0.5441595441595442 0.0570409982174688
3 0.38746438746438744 0.16755793226381463 0.7008547008547008 0.0570409982174688