5 0.2634146341463415 0.25048923679060664 0.4 0.07045009784735812
2 0.5634146341463414 0.324853228962818 0.3073170731707317 0.0547945205479452
13 0.6829268292682927 0.3258317025440313 0.5658536585365853 0.06457925636007827
2 0.4024390243902439 0.03913894324853229 0.3170731707317073 0.0547945205479452
13 0.5 0.040117416829745595 0.6780487804878049 0.06457925636007827
4 0.2951219512195122 0.39823874755381605 0.47317073170731705 0.07240704500978473
2 0.5634146341463414 0.4735812133072407 0.3073170731707317 0.0547945205479452
13 0.6634146341463415 0.4735812133072407 0.5365853658536586 0.06653620352250489
5 0.2634146341463415 0.5459882583170255 0.4 0.07045009784735812
2 0.5634146341463414 0.6213307240704501 0.3073170731707317 0.05283757338551859
13 0.675609756097561 0.6213307240704501 0.5707317073170731 0.06457925636007827
4 0.2975609756097561 0.6947162426614482 0.4682926829268293 0.07045009784735812
2 0.551219512195122 0.7632093933463796 0.3024390243902439 0.0547945205479452
5 0.2634146341463415 0.8317025440313112 0.4 0.07045009784735812
2 0.5634146341463414 0.9060665362035225 0.3073170731707317 0.0547945205479452
13 0.6634146341463415 0.9060665362035225 0.5365853658536586 0.06653620352250489
4 0.2975609756097561 0.11252446183953033 0.4682926829268293 0.07240704500978473
2 0.5487804878048781 0.18297455968688844 0.3073170731707317 0.05283757338551859