2 0.45652173913043476 0.441025641025641 0.1383399209486166 0.07179487179487179
2 0.25296442687747034 0.441025641025641 0.13438735177865613 0.07179487179487179
2 0.45652173913043476 0.532051282051282 0.1541501976284585 0.07435897435897436
10 0.5197628458498024 0.6282051282051282 0.9446640316205533 0.09743589743589744
11 0.658102766798419 0.6282051282051282 0.16205533596837945 0.07179487179487179
2 0.8873517786561265 0.6282051282051282 0.1541501976284585 0.07692307692307693
14 0.33992094861660077 0.717948717948718 0.5770750988142292 0.08205128205128205
1 0.4367588932806324 0.07692307692307693 0.8656126482213439 0.14871794871794872
2 0.5711462450592886 0.08205128205128205 0.13043478260869565 0.07179487179487179
2 0.7628458498023716 0.08205128205128205 0.13438735177865613 0.07179487179487179
2 0.3695652173913043 0.08205128205128205 0.14624505928853754 0.07179487179487179