13 0.2748868778280543 0.40963855421686746 0.34615384615384615 0.05622489959839357
0 0.5135746606334841 0.49096385542168675 0.9683257918552036 0.09839357429718876
13 0.6006787330316742 0.49096385542168675 0.7669683257918553 0.08634538152610442
13 0.6515837104072398 0.49096385542168675 0.18099547511312217 0.06626506024096386
13 0.8789592760180995 0.49096385542168675 0.18778280542986425 0.06626506024096386
11 0.29298642533936653 0.4919678714859438 0.13800904977375567 0.05622489959839357
11 0.6052036199095022 0.4919678714859438 0.0746606334841629 0.05622489959839357
13 0.6889140271493213 0.4919678714859438 0.581447963800905 0.07630522088353414
11 0.829185520361991 0.4919678714859438 0.0746606334841629 0.05622489959839357
1 0.10520361990950226 0.05923694779116466 0.20135746606334842 0.1144578313253012
0 0.13687782805429866 0.6817269076305221 0.2647058823529412 0.06626506024096386
13 0.25 0.7459839357429718 0.34615384615384615 0.05421686746987952
0 0.13800904977375567 0.8112449799196787 0.26244343891402716 0.0642570281124498
13 0.24660633484162897 0.8755020080321285 0.3393665158371041 0.05622489959839357
0 0.22963800904977374 0.9467871485943775 0.4502262443438914 0.0783132530120482
11 0.2692307692307692 0.9467871485943775 0.13574660633484162 0.05823293172690763
13 0.3190045248868778 0.9467871485943775 0.248868778280543 0.06626506024096386