2 0.5634146341463414 0.2601547388781431 0.3073170731707317 0.05609284332688588
13 0.6634146341463415 0.2611218568665377 0.5365853658536586 0.061895551257253385
2 0.5487804878048781 0.3288201160541586 0.3073170731707317 0.05415860735009671
2 0.5585365853658537 0.3965183752417795 0.3073170731707317 0.05415860735009671
13 0.6634146341463415 0.3965183752417795 0.5365853658536586 0.061895551257253385
13 0.5024390243902439 0.04061895551257253 0.6829268292682927 0.06576402321083172
2 0.4024390243902439 0.04061895551257253 0.3170731707317073 0.05415860735009671
5 0.26097560975609757 0.4690522243713733 0.40487804878048783 0.07156673114119923
2 0.5634146341463414 0.5415860735009671 0.3073170731707317 0.05415860735009671
13 0.6829268292682927 0.5425531914893617 0.5658536585365853 0.059961315280464215
2 0.5634146341463414 0.6150870406189555 0.3073170731707317 0.05415860735009671
13 0.6658536585365854 0.6160541586073501 0.5317073170731708 0.06382978723404255
4 0.2951219512195122 0.6876208897485493 0.47317073170731705 0.07156673114119923
13 0.6658536585365854 0.7611218568665378 0.5317073170731708 0.06382978723404255
2 0.5634146341463414 0.7620889748549323 0.3073170731707317 0.05415860735009671
5 0.2634146341463415 0.8346228239845261 0.4 0.07156673114119923
2 0.5634146341463414 0.90715667311412 0.3073170731707317 0.05415860735009671
13 0.6707317073170732 0.90715667311412 0.551219512195122 0.061895551257253385
2 0.5634146341463414 0.11411992263056092 0.3073170731707317 0.05415860735009671
13 0.6634146341463415 0.11411992263056092 0.5365853658536586 0.061895551257253385
4 0.2951219512195122 0.18568665377176016 0.47317073170731705 0.06963249516441006