3 0.1079175704989154 0.18787878787878787 0.1898047722342733 0.06363636363636363
11 0.29229934924078094 0.19015151515151515 0.09002169197396963 0.04393939393939394
13 0.3183297180043384 0.19015151515151515 0.17462039045553146 0.05
8 0.1052060737527115 0.2962121212121212 0.15835140997830802 0.04696969696969697
6 0.09056399132321041 0.3462121212121212 0.12906724511930587 0.05
13 0.7830802603036876 0.43863636363636366 0.31453362255965295 0.05
13 0.6643167028199566 0.4393939393939394 0.6518438177874186 0.06666666666666667
13 0.8053145336225597 0.4393939393939394 0.36550976138828634 0.05757575757575758
1 0.09164859002169197 0.04696969696969697 0.1789587852494577 0.08787878787878788
13 0.6637744034707158 0.5462121212121213 0.6529284164859002 0.06818181818181818
13 0.7830802603036876 0.5462121212121213 0.31453362255965295 0.05
13 0.8053145336225597 0.5462121212121213 0.36550976138828634 0.05909090909090909
13 0.38611713665943603 0.7022727272727273 0.3210412147505423 0.05
13 0.3823210412147505 0.7583333333333333 0.31778741865509763 0.05
11 0.12852494577006507 0.8689393939393939 0.13557483731019523 0.04393939393939394
13 0.15075921908893708 0.8696969696969697 0.21475054229934923 0.048484848484848485
3 0.21691973969631237 0.8696969696969697 0.42950108459869846 0.06666666666666667
11 0.12852494577006507 0.12424242424242424 0.13557483731019523 0.04242424242424243
13 0.37147505422993493 0.12424242424242424 0.16377440347071584 0.048484848484848485
13 0.15130151843817788 0.125 0.2158351409978308 0.05
11 0.3335140997830803 0.125 0.05314533622559653 0.04090909090909091