10 0.5026041666666666 0.17189631650750342 0.984375 0.04638472032742155
14 0.3932291666666667 0.21623465211459755 0.765625 0.04229195088676671
10 0.4375 0.2605729877216917 0.8645833333333334 0.04365620736698499
14 0.3932291666666667 0.3042291950886767 0.765625 0.04365620736698499
7 0.3723958333333333 0.032060027285129605 0.7239583333333334 0.061391541609822645
10 0.4427083333333333 0.3485675306957708 0.8645833333333334 0.045020463847203276
14 0.390625 0.39290586630286495 0.7708333333333334 0.04365620736698499
10 0.4401041666666667 0.43724420190995905 0.859375 0.04229195088676671
14 0.3932291666666667 0.48090040927694405 0.765625 0.045020463847203276
10 0.453125 0.5252387448840382 0.8854166666666666 0.04365620736698499
14 0.3932291666666667 0.5688949522510232 0.765625 0.04365620736698499
10 0.453125 0.6139154160982264 0.8854166666666666 0.04365620736698499
14 0.390625 0.6575716234652115 0.7604166666666666 0.04365620736698499
10 0.4453125 0.7019099590723056 0.8802083333333334 0.045020463847203276
14 0.3932291666666667 0.7462482946793997 0.765625 0.04365620736698499
10 0.3984375 0.7905866302864939 0.7864583333333334 0.045020463847203276
14 0.3932291666666667 0.834924965893588 0.765625 0.04365620736698499
10 0.46875 0.878581173260573 0.9270833333333334 0.04365620736698499
14 0.390625 0.9229195088676672 0.7708333333333334 0.045020463847203276