11 0.38979591836734695 0.15471698113207547 0.08979591836734693 0.03522012578616352
11 0.26224489795918365 0.15534591194968553 0.10816326530612246 0.033962264150943396
13 0.32346938775510203 0.15534591194968553 0.23877551020408164 0.04150943396226415
13 0.3795918367346939 0.15534591194968553 0.3673469387755102 0.04905660377358491
11 0.5142857142857142 0.15534591194968553 0.08571428571428572 0.03647798742138365
13 0.27755102040816326 0.21257861635220127 0.39183673469387753 0.04779874213836478
13 0.6806122448979591 0.21257861635220127 0.22244897959183674 0.04025157232704402
13 0.7275510204081632 0.21257861635220127 0.38979591836734695 0.04779874213836478
13 0.2316326530612245 0.21320754716981133 0.22244897959183674 0.04150943396226415
11 0.30306122448979594 0.21320754716981133 0.0673469387755102 0.03647798742138365
11 0.7520408163265306 0.21320754716981133 0.0673469387755102 0.033962264150943396
13 0.37244897959183676 0.2679245283018868 0.18979591836734694 0.03522012578616352
13 0.36020408163265305 0.3150943396226415 0.1816326530612245 0.0389937106918239
11 0.4010204081632653 0.3150943396226415 0.08775510204081632 0.033962264150943396
11 0.25816326530612244 0.3591194968553459 0.07142857142857142 0.033962264150943396
11 0.1540816326530612 0.35974842767295595 0.0673469387755102 0.03522012578616352
1 0.11938775510204082 0.03773584905660377 0.23061224489795917 0.07044025157232704
4 0.12551020408163266 0.4037735849056604 0.19795918367346937 0.045283018867924525
5 0.10918367346938776 0.45031446540880504 0.16938775510204082 0.045283018867924525
13 0.35918367346938773 0.4981132075471698 0.17959183673469387 0.04025157232704402
11 0.4020408163265306 0.4987421383647799 0.08979591836734693 0.033962264150943396
13 0.6387755102040816 0.5484276729559748 0.1836734693877551 0.04025157232704402
13 0.2642857142857143 0.5490566037735849 0.2836734693877551 0.04654088050314465
13 0.3122448979591837 0.5490566037735849 0.1836734693877551 0.0389937106918239
11 0.35306122448979593 0.549685534591195 0.08979591836734693 0.03522012578616352
11 0.4857142857142857 0.549685534591195 0.0653061224489796 0.03522012578616352
11 0.6816326530612244 0.549685534591195 0.08979591836734693 0.03522012578616352
11 0.15918367346938775 0.549685534591195 0.0653061224489796 0.03522012578616352
13 0.5918367346938775 0.550314465408805 0.2897959183673469 0.04654088050314465
4 0.12551020408163266 0.60062893081761 0.19795918367346937 0.04654088050314465
13 0.26632653061224487 0.6509433962264151 0.29183673469387755 0.04905660377358491
13 0.3173469387755102 0.6509433962264151 0.1816326530612245 0.04150943396226415
11 0.35816326530612247 0.6515723270440251 0.08775510204081632 0.03522012578616352
11 0.15918367346938775 0.6515723270440251 0.0653061224489796 0.03522012578616352
13 0.2673469387755102 0.7056603773584905 0.2938775510204082 0.04779874213836478
13 0.3163265306122449 0.7056603773584905 0.17959183673469387 0.04025157232704402
11 0.15816326530612246 0.7056603773584905 0.0673469387755102 0.03270440251572327
11 0.35714285714285715 0.7062893081761006 0.08979591836734693 0.03647798742138365
13 0.3622448979591837 0.7830188679245284 0.21428571428571427 0.033962264150943396
11 0.23673469387755103 0.8754716981132076 0.06938775510204082 0.03522012578616352
11 0.1306122448979592 0.8761006289308176 0.0653061224489796 0.033962264150943396
4 0.10306122448979592 0.9188679245283019 0.19795918367346937 0.0440251572327044
5 0.08775510204081632 0.9666666666666667 0.1673469387755102 0.04654088050314465
13 0.3224489795918367 0.10062893081761007 0.23673469387755103 0.04025157232704402
11 0.26326530612244897 0.10125786163522013 0.11020408163265306 0.033962264150943396
13 0.3806122448979592 0.10125786163522013 0.3653061224489796 0.04905660377358491
11 0.39183673469387753 0.10125786163522013 0.08979591836734693 0.033962264150943396
11 0.513265306122449 0.10125786163522013 0.08775510204081632 0.033962264150943396