13 0.41368421052631577 0.3019911504424779 0.23789473684210527 0.07300884955752213
13 0.8652631578947368 0.3019911504424779 0.23157894736842105 0.07300884955752213
13 0.3294736842105263 0.3030973451327434 0.4147368421052632 0.084070796460177
2 0.3663157894736842 0.3030973451327434 0.13052631578947368 0.061946902654867256
13 0.7821052631578947 0.3030973451327434 0.4063157894736842 0.084070796460177
2 0.82 0.3030973451327434 0.13263157894736843 0.061946902654867256
2 0.24210526315789474 0.3915929203539823 0.13052631578947368 0.061946902654867256
13 0.2863157894736842 0.3915929203539823 0.23157894736842105 0.07079646017699115
13 0.21473684210526317 0.046460176991150445 0.29473684210526313 0.0752212389380531
2 0.1736842105263158 0.046460176991150445 0.1368421052631579 0.061946902654867256
5 0.11263157894736842 0.4745575221238938 0.17473684210526316 0.08185840707964602
2 0.23684210526315788 0.5530973451327433 0.13263157894736843 0.061946902654867256
4 0.12736842105263158 0.6316371681415929 0.20421052631578948 0.08185840707964602
13 0.41368421052631577 0.7190265486725663 0.24210526315789474 0.07079646017699115
2 0.3663157894736842 0.7201327433628318 0.13052631578947368 0.06415929203539823
2 0.8136842105263158 0.7201327433628318 0.13263157894736843 0.06415929203539823
13 0.33052631578947367 0.7212389380530974 0.4168421052631579 0.084070796460177
13 0.7315789473684211 0.7212389380530974 0.3094736842105263 0.07079646017699115
5 0.11263157894736842 0.8097345132743363 0.17473684210526316 0.07964601769911504
2 0.2431578947368421 0.8938053097345132 0.13263157894736843 0.061946902654867256
13 0.2873684210526316 0.8938053097345132 0.2294736842105263 0.07079646017699115
2 0.2431578947368421 0.12831858407079647 0.13263157894736843 0.061946902654867256
13 0.2863157894736842 0.13053097345132744 0.23157894736842105 0.07079646017699115
4 0.12842105263157894 0.21238938053097345 0.20210526315789473 0.07964601769911504