11 0.3376865671641791 0.32918739635157546 0.2835820895522388 0.04477611940298507
13 0.3358208955223881 0.33001658374792703 0.4626865671641791 0.06301824212271974
13 0.5009328358208955 0.33001658374792703 0.875 0.07296849087893864
13 0.376865671641791 0.3308457711442786 0.3694029850746269 0.05472636815920398
15 0.11567164179104478 0.03814262023217247 0.22388059701492538 0.07296849087893864
6 0.13432835820895522 0.5041459369817579 0.22014925373134328 0.05306799336650083
0 0.14458955223880596 0.5588723051409619 0.24067164179104478 0.05306799336650083
6 0.30130597014925375 0.6169154228855721 0.5541044776119403 0.06301824212271974
13 0.42630597014925375 0.6169154228855721 0.27798507462686567 0.04643449419568822
13 0.18936567164179105 0.10613598673300166 0.2555970149253731 0.05638474295190713
11 0.13899253731343283 0.10613598673300166 0.08768656716417911 0.04643449419568822