13 0.647239263803681 0.14729194187582562 0.6687116564417178 0.05151915455746367
13 0.7377300613496932 0.14795244385733158 0.46319018404907975 0.04227212681638045
11 0.9049079754601227 0.14795244385733158 0.1165644171779141 0.036988110964332896
6 0.18251533742331288 0.1974900924702774 0.35276073619631904 0.043593130779392336
5 0.1334355828220859 0.24372523117569353 0.254601226993865 0.0488771466314399
13 0.5521472392638037 0.29458388375165123 0.34355828220858897 0.036988110964332896
1 0.1579754601226994 0.03896961690885073 0.3098159509202454 0.07529722589167767
4 0.18711656441717792 0.47886393659180976 0.294478527607362 0.0488771466314399
5 0.16411042944785276 0.5297225891677675 0.254601226993865 0.047556142668428
11 0.32515337423312884 0.6122853368560106 0.13496932515337423 0.035667107001321
13 0.4233128834355828 0.6122853368560106 0.4294478527607362 0.043593130779392336
13 0.40950920245398775 0.6651254953764861 0.549079754601227 0.043593130779392336
11 0.5030674846625767 0.6651254953764861 0.26380368098159507 0.035667107001321
11 0.254601226993865 0.6651254953764861 0.13496932515337423 0.03830911492734478
11 0.28680981595092025 0.714663143989432 0.13190184049079753 0.036988110964332896
13 0.43558282208588955 0.7153236459709379 0.5337423312883436 0.043593130779392336
11 0.5276073619631901 0.7159841479524438 0.24539877300613497 0.036988110964332896
11 0.6932515337423313 0.8368560105680317 0.24539877300613497 0.035667107001321
13 0.7653374233128835 0.8368560105680317 0.40797546012269936 0.043593130779392336
8 0.2116564417177914 0.9689564068692206 0.4171779141104294 0.043593130779392336
8 0.2147239263803681 0.0977542932628798 0.4171779141104294 0.04227212681638045