11 0.2877237851662404 0.19230769230769232 0.15601023017902813 0.05065666041275797
13 0.3388746803069054 0.19230769230769232 0.3452685421994885 0.06191369606003752
11 0.41304347826086957 0.2626641651031895 0.15601023017902813 0.0525328330206379
13 0.2826086956521739 0.3339587242026266 0.26342710997442453 0.0600375234521576
11 0.34782608695652173 0.3339587242026266 0.12276214833759591 0.0525328330206379
2 0.5127877237851662 0.3339587242026266 0.08439897698209718 0.0525328330206379
11 0.6585677749360613 0.3339587242026266 0.12531969309462915 0.0525328330206379
2 0.19948849104859334 0.3339587242026266 0.08695652173913043 0.0525328330206379
13 0.5971867007672634 0.3348968105065666 0.26342710997442453 0.058161350844277676
4 0.15601023017902813 0.4052532833020638 0.24552429667519182 0.0675422138836773
13 0.6381074168797954 0.04409005628517824 0.6368286445012787 0.07317073170731707
13 0.7468030690537084 0.04409005628517824 0.4040920716112532 0.06191369606003752
11 0.8644501278772379 0.0450281425891182 0.1534526854219949 0.0525328330206379
11 0.3375959079283887 0.474671669793621 0.1278772378516624 0.0525328330206379
2 0.19820971867007672 0.474671669793621 0.08439897698209718 0.0525328330206379
13 0.27877237851662406 0.47560975609756095 0.2608695652173913 0.058161350844277676
11 0.3388746803069054 0.5459662288930581 0.12531969309462915 0.0525328330206379
2 0.19820971867007672 0.5459662288930581 0.08439897698209718 0.0525328330206379
13 0.2774936061381074 0.5469043151969981 0.25831202046035806 0.058161350844277676
13 0.2813299232736573 0.6172607879924953 0.2659846547314578 0.0600375234521576
11 0.3452685421994885 0.6172607879924953 0.1278772378516624 0.0525328330206379
2 0.19820971867007672 0.6172607879924953 0.08439897698209718 0.0525328330206379
2 0.19820971867007672 0.6876172607879925 0.08439897698209718 0.054409005628517824
13 0.2826086956521739 0.6885553470919324 0.26342710997442453 0.0600375234521576
11 0.3452685421994885 0.6894934333958724 0.1278772378516624 0.05065666041275797
5 0.13810741687979539 0.7589118198874296 0.20971867007672634 0.06941838649155722
13 0.6662404092071611 0.8339587242026266 0.6368286445012787 0.06941838649155722
13 0.7736572890025576 0.8348968105065666 0.40664961636828645 0.0600375234521576
11 0.8925831202046036 0.8348968105065666 0.1534526854219949 0.0525328330206379
11 0.4040920716112532 0.9108818011257036 0.1534526854219949 0.05065666041275797
13 0.45652173913043476 0.9108818011257036 0.27365728900255754 0.06191369606003752
11 0.37595907928388744 0.12101313320825516 0.1534526854219949 0.05065666041275797
13 0.42838874680306904 0.12101313320825516 0.27365728900255754 0.06191369606003752