2 0.5487804878048781 0.3250620347394541 0.3073170731707317 0.06947890818858561
5 0.26097560975609757 0.4119106699751861 0.40487804878048783 0.08933002481389578
2 0.4024390243902439 0.04962779156327544 0.3170731707317073 0.06947890818858561
13 0.5 0.05086848635235732 0.6780487804878049 0.08188585607940446
13 0.6707317073170732 0.5049627791563276 0.551219512195122 0.08188585607940446
2 0.5609756097560976 0.5062034739454094 0.3024390243902439 0.06947890818858561
4 0.2951219512195122 0.6004962779156328 0.47317073170731705 0.09429280397022333
5 0.2634146341463415 0.6935483870967742 0.4 0.08684863523573201
2 0.5634146341463414 0.7866004962779156 0.3073170731707317 0.06947890818858561
13 0.6707317073170732 0.7878411910669976 0.551219512195122 0.08188585607940446
2 0.5634146341463414 0.8808933002481389 0.3073170731707317 0.06947890818858561
13 0.6804878048780488 0.8821339950372209 0.5707317073170731 0.08188585607940446
2 0.5634146341463414 0.14392059553349876 0.3073170731707317 0.06947890818858561
13 0.6731707317073171 0.14516129032258066 0.5463414634146342 0.08188585607940446
4 0.2951219512195122 0.2369727047146402 0.47317073170731705 0.09181141439205956