11 0.3585714285714286 0.32621951219512196 0.20285714285714285 0.08536585365853659
13 0.4228571428571429 0.32621951219512196 0.3485714285714286 0.0975609756097561
6 0.23 0.4344512195121951 0.3914285714285714 0.10060975609756098
13 0.4142857142857143 0.0625 0.64 0.10060975609756098
11 0.4942857142857143 0.6219512195121951 0.11428571428571428 0.08536585365853659
13 0.6371428571428571 0.6219512195121951 0.4342857142857143 0.11585365853658537
13 0.5771428571428572 0.6234756097560976 0.29714285714285715 0.10060975609756098
13 0.6971428571428572 0.6234756097560976 0.5657142857142857 0.13109756097560976
13 0.3557142857142857 0.06402439024390244 0.4257142857142857 0.08536585365853659
11 0.36 0.7530487804878049 0.2057142857142857 0.08536585365853659
13 0.4228571428571429 0.7545731707317073 0.3485714285714286 0.10060975609756098
6 0.20714285714285716 0.8597560975609756 0.3457142857142857 0.0975609756097561
13 0.5785714285714286 0.19359756097560976 0.29428571428571426 0.10060975609756098
11 0.4942857142857143 0.1951219512195122 0.11428571428571428 0.08536585365853659
13 0.6385714285714286 0.1951219512195122 0.43142857142857144 0.11585365853658537
13 0.6971428571428572 0.1951219512195122 0.5657142857142857 0.13414634146341464