2 0.5512422360248447 0.48933649289099523 0.062111801242236024 0.06872037914691943
13 0.5846273291925466 0.48933649289099523 0.13819875776397517 0.08293838862559241
11 0.4658385093167702 0.490521327014218 0.052795031055900624 0.06635071090047394
13 0.5489130434782609 0.490521327014218 0.265527950310559 0.09004739336492891
2 0.15605590062111802 0.6635071090047393 0.06055900621118013 0.06635071090047394
1 0.1513975155279503 0.07109004739336493 0.296583850931677 0.13744075829383887
2 0.18711180124223603 0.07345971563981042 0.06055900621118013 0.06635071090047394
2 0.2546583850931677 0.07345971563981042 0.059006211180124224 0.06635071090047394
2 0.21195652173913043 0.8281990521327014 0.06055900621118013 0.06872037914691943
13 0.6218944099378882 0.8281990521327014 0.718944099378882 0.11611374407582939
2 0.30201863354037267 0.8293838862559242 0.06055900621118013 0.07109004739336493
13 0.33773291925465837 0.8293838862559242 0.13819875776397517 0.08056872037914692
11 0.48680124223602483 0.8293838862559242 0.05124223602484472 0.06635071090047394
13 0.5706521739130435 0.8293838862559242 0.2686335403726708 0.09004739336492891
2 0.5714285714285714 0.8293838862559242 0.062111801242236024 0.07109004739336493
13 0.5822981366459627 0.8293838862559242 0.8074534161490683 0.12796208530805686
13 0.5512422360248447 0.830568720379147 0.8819875776397516 0.13981042654028436
13 0.6055900621118012 0.830568720379147 0.13664596273291926 0.07819905213270142
11 0.11180124223602485 0.18246445497630331 0.06832298136645963 0.06635071090047394
13 0.14440993788819875 0.18364928909952608 0.18322981366459629 0.07819905213270142