11 0.5517241379310345 0.18985507246376812 0.2955665024630542 0.04057971014492753
5 0.2684729064039409 0.24130434782608695 0.4088669950738916 0.0536231884057971
13 0.4482758620689655 0.029710144927536233 0.5714285714285714 0.04782608695652174
13 0.6822660098522167 0.2956521739130435 0.5566502463054187 0.0463768115942029
11 0.5640394088669951 0.29637681159420287 0.30049261083743845 0.0391304347826087
11 0.3497536945812808 0.030434782608695653 0.19704433497536947 0.04057971014492753
11 0.5665024630541872 0.3507246376811594 0.2955665024630542 0.04057971014492753
13 0.6650246305418719 0.35144927536231885 0.5320197044334976 0.04782608695652174
11 0.3472906403940887 0.4369565217391304 0.2019704433497537 0.0391304347826087
13 0.45073891625615764 0.4369565217391304 0.5665024630541872 0.04782608695652174
11 0.5640394088669951 0.49130434782608695 0.30049261083743845 0.04057971014492753
13 0.6748768472906403 0.49130434782608695 0.541871921182266 0.0463768115942029
4 0.30049261083743845 0.5456521739130434 0.4729064039408867 0.0536231884057971
11 0.5640394088669951 0.6014492753623188 0.30049261083743845 0.04057971014492753
13 0.6847290640394089 0.6021739130434782 0.5615763546798029 0.04782608695652174
13 0.6748768472906403 0.6557971014492754 0.541871921182266 0.04782608695652174
11 0.5615763546798029 0.6565217391304348 0.2955665024630542 0.04057971014492753
11 0.5640394088669951 0.7108695652173913 0.30049261083743845 0.042028985507246375
13 0.6699507389162561 0.7108695652173913 0.541871921182266 0.04782608695652174
11 0.5640394088669951 0.7652173913043478 0.30049261083743845 0.04057971014492753
13 0.6748768472906403 0.7659420289855072 0.541871921182266 0.04782608695652174
11 0.5615763546798029 0.8202898550724638 0.2955665024630542 0.04057971014492753
13 0.6847290640394089 0.8202898550724638 0.5615763546798029 0.0463768115942029
11 0.5640394088669951 0.08478260869565217 0.29064039408866993 0.0391304347826087
13 0.6748768472906403 0.08478260869565217 0.541871921182266 0.04782608695652174
5 0.2684729064039409 0.8746376811594203 0.4088669950738916 0.0536231884057971
11 0.5665024630541872 0.9304347826086956 0.2955665024630542 0.04057971014492753
13 0.6674876847290641 0.9304347826086956 0.5270935960591133 0.0463768115942029
4 0.30049261083743845 0.1398550724637681 0.4729064039408867 0.0536231884057971