13 0.14963119072708114 0.434375 0.12012644889357219 0.1
13 0.1791359325605901 0.4359375 0.18756585879873552 0.115625
2 0.2476290832455216 0.4359375 0.0505795574288725 0.096875
2 0.10800842992623814 0.4375 0.0368809272918862 0.09375
2 0.2476290832455216 0.5703125 0.0505795574288725 0.090625
2 0.10853530031612224 0.571875 0.037934668071654375 0.0875
13 0.14910432033719706 0.571875 0.12118018967334036 0.10625
13 0.18071654373024237 0.571875 0.1886195995785037 0.11875
2 0.23761854583772393 0.70625 0.04952581664910432 0.0875
2 0.12486828240252898 0.7078125 0.03898840885142255 0.090625
13 0.15121180189673342 0.7078125 0.0958904109589041 0.103125
13 0.18229715489989462 0.7078125 0.1643835616438356 0.121875
13 0.17123287671232876 0.840625 0.20969441517386722 0.11875
2 0.10221285563751317 0.840625 0.06111696522655427 0.0875
13 0.14014752370916755 0.8421875 0.14120126448893572 0.103125
2 0.24920969441517388 0.8421875 0.04952581664910432 0.084375
1 0.279768177028451 0.09375 0.5574288724973656 0.18125
2 0.16385669125395153 0.096875 0.03477344573234984 0.08125
2 0.21812434141201265 0.0984375 0.03582718651211802 0.090625
2 0.39146469968387776 0.1 0.06217070600632244 0.0875
2 0.5221285563751317 0.1 0.04741833508956796 0.0875
2 0.28872497365648053 0.1015625 0.037934668071654375 0.084375
13 0.15121180189673342 0.275 0.11275026343519494 0.10625
13 0.38777660695468913 0.275 0.11169652265542676 0.10625
13 0.41201264488935724 0.275 0.20021074815595363 0.125
2 0.4778714436248683 0.275 0.03477344573234984 0.0875
13 0.6095890410958904 0.275 0.08535300316122234 0.1
2 0.928872497365648 0.275 0.06217070600632244 0.0875
2 0.24130663856691253 0.2765625 0.03582718651211802 0.090625
13 0.6364594309799789 0.2765625 0.1749209694415174 0.121875
2 0.6886195995785037 0.2765625 0.03898840885142255 0.090625
13 0.8282402528977871 0.2765625 0.10748155953635406 0.103125
13 0.8645943097997892 0.2765625 0.22233930453108536 0.121875
13 0.17650158061116966 0.2796875 0.20126448893572182 0.128125