13 0.662621359223301 0.29357798165137616 0.529126213592233 0.07339449541284404
2 0.5606796116504854 0.2958715596330275 0.3058252427184466 0.06422018348623854
2 0.5631067961165048 0.38073394495412843 0.30097087378640774 0.06422018348623854
13 0.6650485436893204 0.38188073394495414 0.5339805825242718 0.07110091743119266
2 0.40048543689320387 0.045871559633027525 0.3155339805825243 0.06422018348623854
13 0.5024271844660194 0.047018348623853214 0.6747572815533981 0.07568807339449542
5 0.2645631067961165 0.46788990825688076 0.4029126213592233 0.08256880733944955
13 0.662621359223301 0.5538990825688074 0.529126213592233 0.07568807339449542
2 0.5606796116504854 0.555045871559633 0.3058252427184466 0.06422018348623854
4 0.2961165048543689 0.6410550458715596 0.46601941747572817 0.08486238532110092
2 0.5485436893203883 0.7224770642201835 0.30097087378640774 0.06422018348623854
5 0.2645631067961165 0.8027522935779816 0.4029126213592233 0.08256880733944955
13 0.662621359223301 0.8887614678899083 0.529126213592233 0.07110091743119266
2 0.5606796116504854 0.8899082568807339 0.3058252427184466 0.06422018348623854
4 0.2961165048543689 0.13188073394495411 0.46601941747572817 0.08486238532110092
2 0.5485436893203883 0.21444954128440366 0.30097087378640774 0.06192660550458716