13 0.5875251509054326 0.15514592933947774 0.16096579476861167 0.04915514592933948
13 0.6901408450704225 0.15514592933947774 0.3782696177062374 0.05837173579109063
13 0.7887323943661971 0.15514592933947774 0.17303822937625754 0.04915514592933948
11 0.5442655935613682 0.15591397849462366 0.06639839034205232 0.041474654377880185
13 0.5814889336016097 0.15591397849462366 0.6197183098591549 0.07219662058371736
13 0.6227364185110664 0.15591397849462366 0.5251509054325956 0.06605222734254992
13 0.6247484909456741 0.15591397849462366 0.7223340040241448 0.08448540706605223
11 0.7464788732394366 0.15591397849462366 0.08048289738430583 0.041474654377880185
11 0.13480885311871227 0.030721966205837174 0.06841046277665996 0.043010752688172046
13 0.17806841046277666 0.030721966205837174 0.22334004024144868 0.05222734254992319
13 0.4869215291750503 0.35407066052227343 0.16096579476861167 0.047619047619047616
11 0.44466800804828976 0.3548387096774194 0.06841046277665996 0.043010752688172046
13 0.4738430583501006 0.3548387096774194 0.6177062374245473 0.08294930875576037
13 0.47484909456740443 0.3548387096774194 0.4305835010060362 0.06758832565284179
11 0.6398390342052314 0.3548387096774194 0.07645875251509054 0.043010752688172046
13 0.4336016096579477 0.35560675883256526 0.5251509054325956 0.07526881720430108
13 0.5422535211267606 0.35560675883256526 0.2837022132796781 0.05683563748079877
4 0.1227364185110664 0.4293394777265745 0.193158953722334 0.05683563748079877
5 0.10865191146881288 0.4877112135176651 0.16498993963782696 0.05683563748079877
4 0.12173038229376258 0.7112135176651305 0.19517102615694165 0.05837173579109063
5 0.10865191146881288 0.7695852534562212 0.16498993963782696 0.055299539170506916
11 0.14989939637826963 0.8732718894009217 0.06639839034205232 0.041474654377880185