10 0.15142428785607195 0.28546409807355516 0.26686656671664166 0.05604203152364273
13 0.29760119940029983 0.3467600700525394 0.28335832083958024 0.05604203152364273
11 0.260119940029985 0.34851138353765326 0.19940029985007496 0.04903677758318739
10 0.15067466266866567 0.4763572679509632 0.2653673163418291 0.05604203152364273
13 0.25262368815592207 0.5542907180385289 0.18440779610194902 0.05779334500875657
13 0.8305847076461769 0.5551663747810858 0.17991004497751126 0.05604203152364273
13 0.8628185907046477 0.5551663747810858 0.25337331334332835 0.06654991243432574
13 0.2593703148425787 0.5560420315236427 0.32983508245877063 0.07880910683012259
13 0.2871064467766117 0.5560420315236427 0.2623688155922039 0.06830122591943957
13 0.29535232383808097 0.5560420315236427 0.4077961019490255 0.08581436077057793
13 0.3980509745127436 0.5560420315236427 0.6221889055472264 0.09632224168126094
11 0.5809595202398801 0.5560420315236427 0.11544227886056972 0.047285464098073555
11 0.22188905547226387 0.5569176882661997 0.11394302848575712 0.04903677758318739
13 0.6116941529235382 0.5569176882661997 0.18290854572713644 0.05604203152364273
11 0.800599700149925 0.5569176882661997 0.11394302848575712 0.04903677758318739
10 0.15142428785607195 0.702276707530648 0.26686656671664166 0.05604203152364273
13 0.25262368815592207 0.7819614711033275 0.18440779610194902 0.05779334500875657
13 0.2871064467766117 0.7819614711033275 0.2623688155922039 0.06830122591943957
13 0.29535232383808097 0.7819614711033275 0.4077961019490255 0.08581436077057793
13 0.3980509745127436 0.7819614711033275 0.6191904047976012 0.09281961471103327
13 0.610944527736132 0.7819614711033275 0.18440779610194902 0.05779334500875657
11 0.22188905547226387 0.7828371278458844 0.11394302848575712 0.04903677758318739
11 0.7998500749625187 0.7828371278458844 0.11544227886056972 0.04903677758318739
13 0.8313343328335832 0.7828371278458844 0.18440779610194902 0.05604203152364273
13 0.8620689655172413 0.7828371278458844 0.25487256371814093 0.06654991243432574
13 0.2593703148425787 0.7837127845884413 0.3268365817091454 0.07880910683012259
11 0.5802098950524738 0.7837127845884413 0.11394302848575712 0.047285464098073555
8 0.136431784107946 0.9308231173380035 0.23388305847076463 0.05779334500875657