2 0.32007575757575757 0.3405612244897959 0.06060606060606061 0.06887755102040816
2 0.39299242424242425 0.3405612244897959 0.0625 0.06887755102040816
2 0.4649621212121212 0.3405612244897959 0.0625 0.06887755102040816
2 0.5359848484848485 0.3405612244897959 0.06060606060606061 0.06887755102040816
13 0.8333333333333334 0.3405612244897959 0.3068181818181818 0.08418367346938775
2 0.16856060606060605 0.3405612244897959 0.06439393939393939 0.06887755102040816
2 0.24621212121212122 0.34183673469387754 0.06818181818181818 0.07142857142857142
2 0.9318181818181818 0.34183673469387754 0.09848484848484848 0.07142857142857142
0 0.509469696969697 0.34311224489795916 0.9734848484848485 0.09438775510204081
2 0.22253787878787878 0.49362244897959184 0.06628787878787878 0.06887755102040816
13 0.3731060606060606 0.49489795918367346 0.15151515151515152 0.08163265306122448
2 0.4090909090909091 0.49489795918367346 0.06818181818181818 0.07142857142857142
13 0.1865530303030303 0.49489795918367346 0.14962121212121213 0.08163265306122448
2 0.1259469696969697 0.05229591836734694 0.0625 0.06887755102040816
13 0.17045454545454544 0.05229591836734694 0.2159090909090909 0.08418367346938775
13 0.3560606060606061 0.5892857142857143 0.2159090909090909 0.08163265306122448
2 0.4251893939393939 0.5892857142857143 0.0625 0.07142857142857142
4 0.11458333333333333 0.6849489795918368 0.18371212121212122 0.08928571428571429
5 0.10037878787878787 0.7806122448979592 0.1553030303030303 0.09693877551020408
13 0.2840909090909091 0.8775510204081632 0.16287878787878787 0.08163265306122448
2 0.24337121212121213 0.8801020408163265 0.06628787878787878 0.07142857142857142
2 0.32196969696969696 0.14795918367346939 0.06439393939393939 0.07142857142857142
0 0.509469696969697 0.14795918367346939 0.9734848484848485 0.09693877551020408
2 0.5359848484848485 0.14795918367346939 0.06439393939393939 0.07142857142857142
2 0.3939393939393939 0.14923469387755103 0.06060606060606061 0.06887755102040816
2 0.4649621212121212 0.14923469387755103 0.0625 0.06887755102040816
13 0.8333333333333334 0.14923469387755103 0.3068181818181818 0.08418367346938775
2 0.9327651515151515 0.14923469387755103 0.09659090909090909 0.06887755102040816
2 0.24621212121212122 0.15051020408163265 0.06818181818181818 0.07142857142857142
2 0.17045454545454544 0.15051020408163265 0.06818181818181818 0.07142857142857142
2 0.24621212121212122 0.24489795918367346 0.06818181818181818 0.07142857142857142
2 0.32196969696969696 0.24489795918367346 0.06439393939393939 0.07142857142857142
2 0.39299242424242425 0.24489795918367346 0.0625 0.07142857142857142
2 0.4649621212121212 0.24489795918367346 0.06628787878787878 0.07142857142857142
2 0.5359848484848485 0.24489795918367346 0.06439393939393939 0.07142857142857142
13 0.834280303030303 0.24489795918367346 0.3087121212121212 0.08163265306122448
2 0.9318181818181818 0.24489795918367346 0.09848484848484848 0.07142857142857142
0 0.509469696969697 0.2461734693877551 0.9734848484848485 0.09438775510204081
2 0.16950757575757575 0.2461734693877551 0.06628787878787878 0.06887755102040816