4 0.24029126213592233 0.02679738562091503 0.470873786407767 0.048366013071895426
4 0.24029126213592233 0.28169934640522876 0.470873786407767 0.048366013071895426
5 0.20631067961165048 0.330718954248366 0.4029126213592233 0.047058823529411764
4 0.24271844660194175 0.47908496732026146 0.46601941747572817 0.048366013071895426
5 0.20631067961165048 0.5281045751633987 0.4029126213592233 0.047058823529411764
4 0.24029126213592233 0.7196078431372549 0.470873786407767 0.048366013071895426
5 0.20631067961165048 0.07647058823529412 0.4029126213592233 0.048366013071895426
5 0.20631067961165048 0.7679738562091504 0.4029126213592233 0.048366013071895426
4 0.24029126213592233 0.9169934640522875 0.470873786407767 0.048366013071895426
5 0.20631067961165048 0.9660130718954248 0.4029126213592233 0.047058823529411764
11 0.662621359223301 0.12941176470588237 0.16019417475728157 0.036601307189542485
13 0.7621359223300971 0.12941176470588237 0.3883495145631068 0.04183006535947712
13 0.6553398058252428 0.1300653594771242 0.6213592233009708 0.048366013071895426