2 0.19142857142857142 0.21195652173913043 0.15428571428571428 0.050724637681159424
2 0.35285714285714287 0.4855072463768116 0.09428571428571429 0.050724637681159424
2 0.2042857142857143 0.4855072463768116 0.09428571428571429 0.050724637681159424
4 0.16428571428571428 0.5498188405797102 0.27714285714285714 0.06702898550724638
1 0.5014285714285714 0.06068840579710145 0.9514285714285714 0.10326086956521739
5 0.1442857142857143 0.6168478260869565 0.23714285714285716 0.06702898550724638
2 0.48142857142857143 0.06431159420289854 0.16285714285714287 0.04891304347826087
2 0.8985714285714286 0.06431159420289854 0.09428571428571429 0.04891304347826087
2 0.6557142857142857 0.06521739130434782 0.1457142857142857 0.04710144927536232
2 0.7928571428571428 0.06521739130434782 0.09428571428571429 0.04710144927536232
2 0.20285714285714285 0.6811594202898551 0.17714285714285713 0.050724637681159424
13 0.5671428571428572 0.7445652173913043 0.3171428571428571 0.050724637681159424
13 0.5157142857142857 0.9112318840579711 0.21428571428571427 0.04710144927536232
13 0.5514285714285714 0.14764492753623187 0.3314285714285714 0.04891304347826087
13 0.64 0.14764492753623187 0.5257142857142857 0.059782608695652176