2 0.3686708860759494 0.193196405648267 0.10443037974683544 0.03465982028241335
2 0.20411392405063292 0.193196405648267 0.10443037974683544 0.03465982028241335
4 0.15822784810126583 0.2381258023106547 0.3037974683544304 0.04749679075738126
5 0.13765822784810128 0.28690629011553276 0.2626582278481013 0.04749679075738126
2 0.20411392405063292 0.3324775353016688 0.1930379746835443 0.03594351732991014
13 0.6028481012658228 0.37676508344030807 0.3512658227848101 0.03465982028241335
1 0.40664556962025317 0.038510911424903725 0.8006329113924051 0.07188703465982028
2 0.43829113924050633 0.03979460847240052 0.18037974683544303 0.03337612323491656
2 0.6012658227848101 0.04043645699614891 0.10126582278481013 0.03465982028241335
2 0.7215189873417721 0.04043645699614891 0.10126582278481013 0.03465982028241335
13 0.5490506329113924 0.45314505776636715 0.23734177215189872 0.03594351732991014
13 0.28164556962025317 0.5770218228498074 0.25949367088607594 0.04236200256739409
2 0.5237341772151899 0.5776636713735558 0.10443037974683544 0.03594351732991014
2 0.21360759493670886 0.5776636713735558 0.10443037974683544 0.03594351732991014
4 0.15981012658227847 0.6258023106546855 0.3069620253164557 0.04749679075738126
13 0.27689873417721517 0.6745827984595636 0.25 0.04236200256739409
2 0.21044303797468356 0.675224646983312 0.10443037974683544 0.03594351732991014
5 0.13765822784810128 0.7227214377406932 0.2626582278481013 0.04621309370988447
2 0.21360759493670886 0.7715019255455713 0.10443037974683544 0.03594351732991014
2 0.5237341772151899 0.7721437740693197 0.10443037974683544 0.03465982028241335
13 0.5949367088607594 0.7721437740693197 0.25949367088607594 0.03979460847240052
13 0.2800632911392405 0.7721437740693197 0.25 0.04236200256739409
4 0.15981012658227847 0.8202824133504493 0.3069620253164557 0.04621309370988447
13 0.27848101265822783 0.868421052631579 0.2468354430379747 0.04236200256739409
2 0.5158227848101266 0.8690629011553274 0.10759493670886076 0.03594351732991014
2 0.21360759493670886 0.8690629011553274 0.10443037974683544 0.03594351732991014
2 0.5253164556962026 0.917201540436457 0.10126582278481013 0.03465982028241335
13 0.5886075949367089 0.9178433889602053 0.25316455696202533 0.0410783055198973
2 0.21360759493670886 0.9178433889602053 0.10443037974683544 0.03594351732991014
13 0.27689873417721517 0.9178433889602053 0.25 0.0410783055198973
5 0.13765822784810128 0.9666238767650834 0.2626582278481013 0.04621309370988447
13 0.5901898734177216 0.09884467265725289 0.370253164556962 0.03337612323491656
13 0.6867088607594937 0.10012836970474968 0.5822784810126582 0.0410783055198973