5 0.12588235294117647 0.39644970414201186 0.1952941176470588 0.10650887573964497
2 0.27176470588235296 0.507396449704142 0.14823529411764705 0.07988165680473373
13 0.32 0.5088757396449705 0.25882352941176473 0.10059171597633136
13 0.24235294117647058 0.060650887573964495 0.32941176470588235 0.10355029585798817
2 0.19411764705882353 0.060650887573964495 0.15294117647058825 0.07988165680473373
4 0.1423529411764706 0.6198224852071006 0.22823529411764706 0.10946745562130178
2 0.7988235294117647 0.7381656804733728 0.14823529411764705 0.08579881656804733
13 0.31058823529411766 0.7396449704142012 0.34352941176470586 0.09467455621301775
2 0.40352941176470586 0.7396449704142012 0.14823529411764705 0.08284023668639054
13 0.7552941176470588 0.7396449704142012 0.45647058823529413 0.11242603550295859
13 0.8482352941176471 0.7396449704142012 0.2611764705882353 0.09467455621301775
5 0.12588235294117647 0.8594674556213018 0.1952941176470588 0.10946745562130178
4 0.1423529411764706 0.17011834319526628 0.22823529411764706 0.10946745562130178
2 0.40352941176470586 0.28402366863905326 0.14823529411764705 0.08284023668639054
2 0.7917647058823529 0.28402366863905326 0.14823529411764705 0.08284023668639054
13 0.31058823529411766 0.28550295857988167 0.34823529411764703 0.09763313609467456
13 0.6988235294117647 0.28550295857988167 0.34823529411764703 0.09763313609467456