5 0.2645631067961165 0.30089485458612975 0.4029126213592233 0.08277404921700224
2 0.5606796116504854 0.38478747203579416 0.3058252427184466 0.06263982102908278
13 0.6699029126213593 0.38478747203579416 0.5436893203883495 0.07158836689038031
4 0.2961165048543689 0.46868008948545864 0.46601941747572817 0.08277404921700224
13 0.5024271844660194 0.04697986577181208 0.6747572815533981 0.07606263982102908
2 0.40048543689320387 0.04697986577181208 0.3155339805825243 0.06263982102908278
2 0.5606796116504854 0.5548098434004475 0.3058252427184466 0.06263982102908278
13 0.6699029126213593 0.5548098434004475 0.5436893203883495 0.07158836689038031
2 0.5631067961165048 0.639821029082774 0.30097087378640774 0.06263982102908278
13 0.6699029126213593 0.639821029082774 0.5436893203883495 0.07158836689038031
2 0.5631067961165048 0.7237136465324385 0.30097087378640774 0.06040268456375839
13 0.6699029126213593 0.7237136465324385 0.5436893203883495 0.0738255033557047
2 0.5606796116504854 0.8076062639821029 0.3058252427184466 0.06263982102908278
13 0.6650485436893204 0.8087248322147651 0.5339805825242718 0.0738255033557047
5 0.2645631067961165 0.8937360178970917 0.4029126213592233 0.08277404921700224
2 0.5606796116504854 0.1319910514541387 0.3058252427184466 0.06263982102908278
13 0.6699029126213593 0.1331096196868009 0.5436893203883495 0.06935123042505593
4 0.2961165048543689 0.21700223713646533 0.46601941747572817 0.08501118568232663