5 0.04796839729119639 0.21440536013400335 0.09367945823927765 0.06030150753768844
2 0.07505643340857787 0.27889447236180903 0.03724604966139955 0.04522613065326633
13 0.09932279909706546 0.27889447236180903 0.09255079006772009 0.05527638190954774
0 0.2996613995485327 0.02931323283082077 0.5970654627539503 0.05527638190954774
11 0.5569977426636569 0.02931323283082077 0.06884875846501129 0.04522613065326633
4 0.055869074492099324 0.3417085427135678 0.10948081264108352 0.06030150753768844
5 0.04853273137697517 0.4053601340033501 0.09255079006772009 0.06365159128978225
0 0.2895033860045147 0.5268006700167505 0.5767494356659142 0.051926298157453935
11 0.5378103837471784 0.5284757118927973 0.06884875846501129 0.04522613065326633
13 0.2917607223476298 0.5979899497487438 0.1275395033860045 0.05360134003350084
11 0.268058690744921 0.5988274706867671 0.0417607223476298 0.04522613065326633
13 0.7618510158013544 0.5988274706867671 0.4604966139954853 0.07872696817420435
13 0.8182844243792325 0.5988274706867671 0.3431151241534989 0.07202680067001675
11 0.8910835214446953 0.5988274706867671 0.04401805869074492 0.048576214405360134
13 0.10158013544018059 0.5988274706867671 0.09029345372460497 0.05527638190954774
13 0.2816027088036117 0.5996649916247906 0.45711060948081267 0.08040201005025126
13 0.33690744920993226 0.5996649916247906 0.34198645598194133 0.07370184254606366
13 0.36173814898419865 0.5996649916247906 0.28555304740406323 0.06365159128978225
11 0.40914221218961627 0.5996649916247906 0.04401805869074492 0.04690117252931323
13 0.43284424379232506 0.5996649916247906 0.1275395033860045 0.05360134003350084
2 0.5569977426636569 0.5996649916247906 0.03724604966139955 0.04690117252931323
13 0.5812641083521445 0.5996649916247906 0.09255079006772009 0.05695142378559464
11 0.7488713318284425 0.5996649916247906 0.0417607223476298 0.04690117252931323
13 0.7725733634311512 0.5996649916247906 0.1252821670428894 0.05695142378559464
2 0.07900677200902935 0.5996649916247906 0.03837471783295711 0.04690117252931323
13 0.8436794582392777 0.5996649916247906 0.28555304740406323 0.06365159128978225
13 0.9136568848758465 0.5996649916247906 0.1275395033860045 0.05695142378559464
4 0.055869074492099324 0.6758793969849246 0.10948081264108352 0.06197654941373534
5 0.04796839729119639 0.7386934673366834 0.09367945823927765 0.06030150753768844
11 0.2697516930022573 0.8165829145728644 0.04288939051918736 0.04522613065326633
13 0.29345372460496616 0.8165829145728644 0.12641083521444696 0.05527638190954774
11 0.41196388261851014 0.8165829145728644 0.04288939051918736 0.04522613065326633
13 0.435665914221219 0.8165829145728644 0.12641083521444696 0.05527638190954774
2 0.07787810383747178 0.8165829145728644 0.03837471783295711 0.04522613065326633
13 0.10214446952595936 0.8165829145728644 0.09367945823927765 0.05527638190954774
13 0.2832957110609481 0.8174204355108877 0.4604966139954853 0.08040201005025126
13 0.3391647855530474 0.8174204355108877 0.34198645598194133 0.07035175879396985
13 0.3639954853273138 0.8174204355108877 0.28555304740406323 0.06365159128978225
13 0.2110609480812641 0.08793969849246232 0.09255079006772009 0.05527638190954774
2 0.18566591422121898 0.08877721943048576 0.03724604966139955 0.04690117252931323
2 0.07505643340857787 0.08877721943048576 0.03724604966139955 0.04690117252931323
13 0.0981941309255079 0.08877721943048576 0.08803611738148984 0.05360134003350084
4 0.055869074492099324 0.8936348408710217 0.10948081264108352 0.06197654941373534
5 0.04909706546275395 0.957286432160804 0.09367945823927765 0.06197654941373534
4 0.055869074492099324 0.1507537688442211 0.10948081264108352 0.06365159128978225