6 0.29218106995884774 0.15712187958883994 0.5761316872427984 0.04698972099853157
8 0.2345679012345679 0.2511013215859031 0.4609053497942387 0.04698972099853157
11 0.3168724279835391 0.30323054331864907 0.2222222222222222 0.042584434654919234
13 0.3991769547325103 0.3039647577092511 0.5267489711934157 0.049926578560939794
10 0.411522633744856 0.355359765051395 0.7242798353909465 0.04698972099853157
1 0.22633744855967078 0.04331864904552129 0.4444444444444444 0.08370044052863436
10 0.4094650205761317 0.434654919236417 0.720164609053498 0.049926578560939794
6 0.49794238683127573 0.513215859030837 0.9876543209876543 0.048458149779735685
11 0.30864197530864196 0.5653450807635829 0.205761316872428 0.041116005873715125
13 0.3950617283950617 0.5653450807635829 0.5185185185185185 0.049926578560939794
8 0.2962962962962963 0.617474302496329 0.49382716049382713 0.048458149779735685
8 0.31069958847736623 0.711453744493392 0.522633744855967 0.048458149779735685
8 0.2839506172839506 0.8854625550660793 0.4691358024691358 0.04698972099853157
8 0.2345679012345679 0.10939794419970632 0.45267489711934156 0.04552129221732746