2 0.21671826625386997 0.25838926174496646 0.10526315789473684 0.04697986577181208
13 0.2848297213622291 0.25838926174496646 0.25386996904024767 0.053691275167785234
2 0.521671826625387 0.25922818791946306 0.1021671826625387 0.04865771812080537
4 0.16408668730650156 0.32298657718120805 0.29721362229102166 0.06208053691275168
2 0.21517027863777088 0.3859060402684564 0.1021671826625387 0.04697986577181208
13 0.2801857585139319 0.3859060402684564 0.24458204334365324 0.053691275167785234
5 0.14396284829721362 0.44798657718120805 0.25077399380804954 0.06040268456375839
1 0.3560371517027864 0.05201342281879195 0.6811145510835913 0.09395973154362416
2 0.4953560371517028 0.05453020134228188 0.09907120743034056 0.04530201342281879
2 0.37925696594427244 0.05536912751677853 0.09597523219814241 0.0436241610738255
2 0.6130030959752322 0.05536912751677853 0.09287925696594428 0.0436241610738255
2 0.5309597523219814 0.575503355704698 0.1021671826625387 0.04697986577181208
2 0.21826625386996903 0.575503355704698 0.1021671826625387 0.04697986577181208
13 0.28637770897832815 0.575503355704698 0.25077399380804954 0.053691275167785234
13 0.5928792569659442 0.5763422818791947 0.24458204334365324 0.05536912751677853
4 0.16563467492260062 0.6401006711409396 0.30030959752321984 0.06208053691275168
2 0.21671826625386997 0.7030201342281879 0.10526315789473684 0.04697986577181208
13 0.2801857585139319 0.7030201342281879 0.24458204334365324 0.053691275167785234
2 0.21517027863777088 0.7659395973154363 0.1021671826625387 0.04530201342281879
13 0.2848297213622291 0.7667785234899329 0.25386996904024767 0.053691275167785234
2 0.21671826625386997 0.8305369127516778 0.09907120743034056 0.04697986577181208
13 0.2848297213622291 0.8305369127516778 0.25386996904024767 0.053691275167785234
2 0.21517027863777088 0.8934563758389261 0.1021671826625387 0.04530201342281879
13 0.2786377708978328 0.8934563758389261 0.2476780185758514 0.05201342281879195
5 0.14241486068111456 0.9572147651006712 0.25386996904024767 0.06208053691275168
13 0.586687306501548 0.13171140939597314 0.3622291021671827 0.04530201342281879
13 0.6826625386996904 0.13171140939597314 0.56656346749226 0.05536912751677853