0 0.5055432372505543 0.5446265938069217 0.9844789356984479 0.058287795992714025
13 0.10698447893569844 0.6029143897996357 0.11197339246119734 0.051001821493624776
0 0.09090909090909091 0.604735883424408 0.15521064301552107 0.0546448087431694
13 0.1762749445676275 0.848816029143898 0.09534368070953436 0.058287795992714025
13 0.13968957871396895 0.8497267759562842 0.17516629711751663 0.07103825136612021
11 0.19955654101995565 0.8497267759562842 0.04212860310421286 0.04918032786885246
11 0.26496674057649666 0.8497267759562842 0.0598669623059867 0.04918032786885246
13 0.35643015521064303 0.8497267759562842 0.0942350332594235 0.060109289617486336
11 0.3802660753880266 0.8497267759562842 0.04212860310421286 0.04918032786885246
13 0.31916851441241684 0.8502914389799636 0.1762749445676275 0.07103825136612021
11 0.08481152993348115 0.8506375227686703 0.058758314855875834 0.051001821493624776
0 0.23503325942350334 0.8515482695810564 0.4434589800443459 0.07832422586520947
8 0.10254988913525499 0.9180327868852459 0.1762749445676275 0.0546448087431694
13 0.12195121951219512 0.11657559198542805 0.1729490022172949 0.061930783242258654