0 0.09545454545454546 0.46603260869565216 0.15757575757575756 0.08967391304347826
11 0.11742424242424243 0.5625 0.05 0.07608695652173914
13 0.14772727272727273 0.5625 0.16515151515151516 0.09239130434782608
13 0.771969696969697 0.6929347826086957 0.11969696969696969 0.08695652173913043
13 0.781060606060606 0.6929347826086957 0.4166666666666667 0.13043478260869565
13 0.22803030303030303 0.6942934782608695 0.22272727272727272 0.10597826086956522
13 0.26136363636363635 0.6942934782608695 0.29545454545454547 0.11684782608695653
13 0.29318181818181815 0.6942934782608695 0.36818181818181817 0.1331521739130435
11 0.7416666666666667 0.6942934782608695 0.05 0.07336956521739131
13 0.7431818181818182 0.6942934782608695 0.33181818181818185 0.11684782608695653
11 0.15 0.6942934782608695 0.051515151515151514 0.07336956521739131
13 0.18333333333333332 0.6956521739130435 0.12424242424242424 0.08695652173913043
13 0.3242424242424242 0.6956521739130435 0.4393939393939394 0.14673913043478262
13 0.7083333333333334 0.6956521739130435 0.25606060606060604 0.10326086956521739
1 0.11212121212121212 0.08152173913043478 0.22121212121212122 0.15760869565217392
0 0.16515151515151516 0.8192934782608695 0.2606060606060606 0.08967391304347826
11 0.22121212121212122 0.8192934782608695 0.1303030303030303 0.07336956521739131