13 0.7362903225806452 0.23539518900343642 0.40483870967741936 0.054982817869415807
11 0.20403225806451614 0.23625429553264604 0.1596774193548387 0.04639175257731959
13 0.29838709677419356 0.23625429553264604 0.4032258064516129 0.05670103092783505
11 0.3919354838709677 0.23625429553264604 0.16451612903225807 0.04639175257731959
11 0.8282258064516129 0.23625429553264604 0.16612903225806452 0.04639175257731959
11 0.6395161290322581 0.23711340206185566 0.1596774193548387 0.048109965635738834
3 0.2540322580645161 0.36597938144329895 0.3951612903225806 0.054982817869415807
15 0.09919354838709678 0.041237113402061855 0.19193548387096773 0.07560137457044673
11 0.4475806451612903 0.48195876288659795 0.16612903225806452 0.04639175257731959
13 0.4814516129032258 0.48195876288659795 0.2435483870967742 0.05670103092783505
6 0.20161290322580644 0.5412371134020618 0.25806451612903225 0.054982817869415807
0 0.18467741935483872 0.5970790378006873 0.22419354838709676 0.05326460481099656
11 0.49435483870967745 0.6623711340206185 0.16612903225806452 0.04639175257731959
13 0.5096774193548387 0.6632302405498282 0.33548387096774196 0.06529209621993128
13 0.5395161290322581 0.6640893470790378 0.2661290322580645 0.05670103092783505
6 0.14677419354838708 0.8006872852233677 0.18387096774193548 0.054982817869415807
3 0.32741935483870965 0.16666666666666666 0.6129032258064516 0.06529209621993128