13 0.34967320261437906 0.21956087824351297 0.1721132897603486 0.06387225548902195
13 0.39433551198257083 0.22055888223552894 0.27450980392156865 0.07784431137724551
11 0.3954248366013072 0.22055888223552894 0.0718954248366013 0.05389221556886228
3 0.20152505446623092 0.2954091816367265 0.3464052287581699 0.06387225548902195
15 0.13507625272331156 0.04790419161676647 0.2570806100217865 0.08782435129740519
3 0.31917211328976036 0.564870259481038 0.5381263616557734 0.06387225548902195
11 0.3159041394335512 0.6297405189620758 0.15250544662309368 0.05389221556886228
6 0.2037037037037037 0.6956087824351297 0.25925925925925924 0.0658682634730539
13 0.39433551198257083 0.8982035928143712 0.27450980392156865 0.07584830339321358
13 0.34967320261437906 0.9001996007984032 0.1721132897603486 0.06387225548902195
11 0.39433551198257083 0.9001996007984032 0.07407407407407407 0.05588822355289421
11 0.6710239651416122 0.13373253493013973 0.1786492374727669 0.05588822355289421
13 0.7309368191721133 0.13373253493013973 0.3681917211328976 0.06387225548902195
3 0.5 0.13572854291417166 0.9869281045751634 0.08383233532934131