11 0.5640394088669951 0.3611859838274933 0.30049261083743845 0.07547169811320754
13 0.6699507389162561 0.3611859838274933 0.5320197044334976 0.0862533692722372
11 0.5640394088669951 0.4636118598382749 0.30049261083743845 0.07547169811320754
13 0.6847290640394089 0.4636118598382749 0.5615763546798029 0.0862533692722372
11 0.3497536945812808 0.05660377358490566 0.20689655172413793 0.07547169811320754
13 0.45073891625615764 0.05660377358490566 0.5665024630541872 0.09164420485175202
11 0.5665024630541872 0.5660377358490566 0.2955665024630542 0.07547169811320754
13 0.6847290640394089 0.5673854447439353 0.5615763546798029 0.08355795148247978
11 0.5640394088669951 0.6671159029649596 0.30049261083743845 0.07277628032345014
13 0.6724137931034483 0.6671159029649596 0.5467980295566502 0.0889487870619946
5 0.2684729064039409 0.77088948787062 0.4088669950738916 0.09703504043126684
13 0.6674876847290641 0.8706199460916442 0.5270935960591133 0.0862533692722372
11 0.5640394088669951 0.871967654986523 0.30049261083743845 0.07277628032345014
11 0.5640394088669951 0.15633423180592992 0.30049261083743845 0.07547169811320754
13 0.6724137931034483 0.15902964959568733 0.5467980295566502 0.0862533692722372
4 0.30295566502463056 0.2587601078167116 0.47783251231527096 0.09703504043126684