13 0.25711892797319935 0.3360655737704918 0.37353433835845895 0.09289617486338798
11 0.18174204355108878 0.44672131147540983 0.051926298157453935 0.07377049180327869
11 0.5644891122278057 0.44808743169398907 0.05695142378559464 0.07650273224043716
13 0.6013400335008375 0.44808743169398907 0.1407035175879397 0.09289617486338798
4 0.10134003350083752 0.5587431693989071 0.1624790619765494 0.10109289617486339
11 0.18676716917922948 0.6680327868852459 0.05527638190954774 0.07377049180327869
13 0.2236180904522613 0.6680327868852459 0.1390284757118928 0.09562841530054644
13 0.6842546063651591 0.6680327868852459 0.1390284757118928 0.09562841530054644
11 0.6474036850921273 0.6707650273224044 0.05527638190954774 0.07377049180327869
5 0.09045226130653267 0.7800546448087432 0.1407035175879397 0.10109289617486339
0 0.42462311557788945 0.15163934426229508 0.8458961474036851 0.09016393442622951
11 0.788107202680067 0.15437158469945356 0.10217755443886097 0.07377049180327869