2 0.5485436893203883 0.21070234113712374 0.30097087378640774 0.046822742474916385
2 0.5606796116504854 0.2692307692307692 0.3058252427184466 0.046822742474916385
13 0.662621359223301 0.270066889632107 0.5388349514563107 0.05518394648829431
2 0.5606796116504854 0.33277591973244147 0.3058252427184466 0.046822742474916385
13 0.662621359223301 0.33277591973244147 0.529126213592233 0.056856187290969896
13 0.5 0.034280936454849496 0.6796116504854369 0.05518394648829431
2 0.40048543689320387 0.034280936454849496 0.3155339805825243 0.048494983277591976
13 0.662621359223301 0.39548494983277593 0.5388349514563107 0.05518394648829431
2 0.5606796116504854 0.3963210702341137 0.3058252427184466 0.046822742474916385
2 0.5485436893203883 0.45484949832775917 0.30097087378640774 0.046822742474916385
5 0.2621359223300971 0.5133779264214047 0.39805825242718446 0.06354515050167224
2 0.40048543689320387 0.6120401337792643 0.3155339805825243 0.046822742474916385
13 0.5 0.612876254180602 0.6796116504854369 0.05518394648829431
2 0.5461165048543689 0.6714046822742475 0.3058252427184466 0.0451505016722408
4 0.2961165048543689 0.729933110367893 0.46601941747572817 0.061872909698996656
2 0.5631067961165048 0.7934782608695652 0.30097087378640774 0.0451505016722408
13 0.662621359223301 0.7934782608695652 0.529126213592233 0.05518394648829431
2 0.5606796116504854 0.8561872909698997 0.3058252427184466 0.046822742474916385
13 0.662621359223301 0.8561872909698997 0.529126213592233 0.05351170568561873
5 0.2645631067961165 0.9205685618729097 0.4029126213592233 0.061872909698996656
2 0.5461165048543689 0.09364548494983277 0.3058252427184466 0.046822742474916385
4 0.2961165048543689 0.15133779264214048 0.46601941747572817 0.061872909698996656