11 0.2652838427947598 0.17160686427457097 0.11572052401746726 0.0436817472698908
3 0.2019650655021834 0.22230889235569423 0.3471615720524017 0.0514820592823713
3 0.5010917030567685 0.0358814352574103 0.9934497816593887 0.0686427457098284
13 0.730349344978166 0.036661466458658344 0.36899563318777295 0.0514820592823713
11 0.6692139737991266 0.0374414976599064 0.17685589519650655 0.0436817472698908
3 0.34497816593886466 0.38065522620904835 0.537117903930131 0.0499219968798752
13 0.6430131004366813 0.44461778471138846 0.5873362445414847 0.0686427457098284
11 0.75764192139738 0.44461778471138846 0.11353711790393013 0.0436817472698908
13 0.4585152838427948 0.4453978159126365 0.19213973799126638 0.0514820592823713
13 0.50764192139738 0.4453978159126365 0.3034934497816594 0.060842433697347896
13 0.8122270742358079 0.4453978159126365 0.23580786026200873 0.0514820592823713
11 0.33624454148471616 0.5085803432137286 0.11353711790393013 0.0436817472698908
13 0.50764192139738 0.6053042121684867 0.3034934497816594 0.059282371294851796
13 0.6441048034934498 0.6053042121684867 0.5895196506550219 0.0686427457098284
11 0.7587336244541485 0.6053042121684867 0.11572052401746726 0.0436817472698908
13 0.8155021834061136 0.6053042121684867 0.23799126637554585 0.0530421216848674
13 0.4596069868995633 0.6060842433697348 0.1943231441048035 0.0514820592823713
11 0.3351528384279476 0.6684867394695788 0.11572052401746726 0.0421216848673947
13 0.388646288209607 0.8658346333853354 0.19213973799126638 0.0499219968798752
13 0.43777292576419213 0.8666146645865834 0.3034934497816594 0.060842433697347896
13 0.574235807860262 0.8666146645865834 0.5895196506550219 0.06708268330733229
11 0.6877729257641921 0.8666146645865834 0.11353711790393013 0.0421216848673947
13 0.7445414847161572 0.8666146645865834 0.23580786026200873 0.0514820592823713
11 0.2652838427947598 0.9297971918876755 0.11572052401746726 0.0436817472698908
13 0.388646288209607 0.10764430577223089 0.19213973799126638 0.0499219968798752
13 0.43777292576419213 0.10764430577223089 0.3034934497816594 0.059282371294851796
13 0.7445414847161572 0.10764430577223089 0.23580786026200873 0.0499219968798752
13 0.574235807860262 0.10842433697347893 0.5895196506550219 0.06708268330733229
11 0.6877729257641921 0.10842433697347893 0.11353711790393013 0.0421216848673947