11 0.38190954773869346 0.2992565055762082 0.2613065326633166 0.05204460966542751
13 0.4824120603015075 0.2992565055762082 0.6231155778894473 0.06319702602230483
10 0.5050251256281407 0.3643122676579926 0.8793969849246231 0.05947955390334572
7 0.3592964824120603 0.041821561338289966 0.6984924623115578 0.07992565055762081
9 0.5276381909547738 0.4247211895910781 0.9246231155778895 0.05762081784386617
0 0.43467336683417085 0.48420074349442377 0.7386934673366834 0.05762081784386617
0 0.43467336683417085 0.5455390334572491 0.7386934673366834 0.06133828996282528
0 0.43467336683417085 0.6078066914498141 0.7386934673366834 0.05947955390334572
0 0.43467336683417085 0.6663568773234201 0.7386934673366834 0.05762081784386617
0 0.43467336683417085 0.7258364312267658 0.7386934673366834 0.05762081784386617
0 0.43467336683417085 0.7862453531598513 0.7386934673366834 0.05947955390334572
0 0.43467336683417085 0.8466542750929368 0.7386934673366834 0.05762081784386617