2 0.38599348534201955 0.2670940170940171 0.10749185667752444 0.05555555555555555
4 0.19543973941368079 0.3450854700854701 0.3127035830618892 0.07905982905982906
2 0.21498371335504887 0.4188034188034188 0.11074918566775244 0.05982905982905983
5 0.1742671009771987 0.4946581196581197 0.2703583061889251 0.07905982905982906
13 0.5960912052117264 0.5737179487179487 0.2736156351791531 0.07051282051282051
2 0.6628664495114006 0.5747863247863247 0.12052117263843648 0.05982905982905983
13 0.3583061889250814 0.11217948717948718 0.3322475570032573 0.06623931623931624
11 0.43485342019543977 0.11217948717948718 0.16612377850162866 0.057692307692307696
11 0.6775244299674267 0.11217948717948718 0.1563517915309446 0.057692307692307696
11 0.8827361563517915 0.11217948717948718 0.16938110749185667 0.057692307692307696
2 0.252442996742671 0.11324786324786325 0.10749185667752444 0.05982905982905983
13 0.7817589576547231 0.11431623931623931 0.38436482084690554 0.07051282051282051
13 0.5684039087947883 0.19230769230769232 0.28338762214983715 0.06837606837606838
2 0.49348534201954397 0.19444444444444445 0.12052117263843648 0.05982905982905983