2 0.18693009118541035 0.20909090909090908 0.16717325227963525 0.05090909090909091
2 0.35714285714285715 0.48454545454545456 0.10030395136778116 0.04909090909090909
2 0.19908814589665655 0.48454545454545456 0.10030395136778116 0.04909090909090909
4 0.15653495440729484 0.5490909090909091 0.2948328267477204 0.06545454545454546
1 0.49848024316109424 0.05909090909090909 0.9787234042553191 0.10363636363636364
2 0.46200607902735563 0.060909090909090906 0.1702127659574468 0.04909090909090909
5 0.135258358662614 0.6172727272727273 0.25227963525835867 0.06727272727272728
2 0.648936170212766 0.06181818181818182 0.14893617021276595 0.05090909090909091
2 0.790273556231003 0.06181818181818182 0.0972644376899696 0.04727272727272727
2 0.9072948328267477 0.06181818181818182 0.09422492401215805 0.04727272727272727
2 0.19756838905775076 0.68 0.182370820668693 0.05090909090909091
13 0.5835866261398176 0.7436363636363637 0.3343465045592705 0.05090909090909091
13 0.5288753799392097 0.9118181818181819 0.22492401215805471 0.04909090909090909
13 0.6641337386018237 0.14545454545454545 0.5562310030395137 0.05818181818181818
13 0.5699088145896657 0.14636363636363636 0.3556231003039514 0.04909090909090909