5 0.12705882352941175 0.4069767441860465 0.19294117647058823 0.10465116279069768
2 0.27176470588235296 0.5159883720930233 0.14823529411764705 0.07848837209302326
13 0.32 0.5174418604651163 0.25882352941176473 0.09302325581395349
13 0.2411764705882353 0.059593023255813955 0.3270588235294118 0.09593023255813954
2 0.19411764705882353 0.061046511627906974 0.15294117647058825 0.08139534883720931
4 0.1423529411764706 0.626453488372093 0.22823529411764706 0.10174418604651163
2 0.7988235294117647 0.7427325581395349 0.14823529411764705 0.07848837209302326
2 0.40352941176470586 0.7441860465116279 0.14823529411764705 0.08139534883720931
13 0.8470588235294118 0.7441860465116279 0.25882352941176473 0.09302325581395349
13 0.31058823529411766 0.7456395348837209 0.34352941176470586 0.09593023255813954
13 0.7541176470588236 0.7456395348837209 0.4588235294117647 0.10755813953488372
5 0.12705882352941175 0.8604651162790697 0.19294117647058823 0.11046511627906977
4 0.1423529411764706 0.1686046511627907 0.22823529411764706 0.11046511627906977
13 0.8482352941176471 0.2863372093023256 0.2611764705882353 0.09593023255813954
2 0.4047058823529412 0.2877906976744186 0.14588235294117646 0.08139534883720931
13 0.7552941176470588 0.2877906976744186 0.45647058823529413 0.11046511627906977
2 0.7988235294117647 0.2877906976744186 0.14823529411764705 0.08139534883720931
13 0.30941176470588233 0.28924418604651164 0.3458823529411765 0.09593023255813954