11 0.4524714828897338 0.20334507042253522 0.1596958174904943 0.04753521126760563
11 0.8821292775665399 0.20334507042253522 0.1596958174904943 0.04753521126760563
13 0.36311787072243346 0.20334507042253522 0.35361216730038025 0.05457746478873239
2 0.6863117870722434 0.20422535211267606 0.12547528517110265 0.04929577464788732
13 0.7946768060836502 0.20422535211267606 0.3574144486692015 0.056338028169014086
2 0.25475285171102663 0.20422535211267606 0.12927756653992395 0.04929577464788732
4 0.19011406844106463 0.3362676056338028 0.3650190114068441 0.06338028169014084
5 0.1634980988593156 0.460387323943662 0.311787072243346 0.06514084507042253
1 0.30798479087452474 0.0528169014084507 0.6007604562737643 0.09859154929577464
2 0.5057034220532319 0.056338028169014086 0.12167300380228137 0.045774647887323945
2 0.36311787072243346 0.056338028169014086 0.11787072243346007 0.045774647887323945
4 0.19011406844106463 0.5836267605633803 0.3650190114068441 0.061619718309859156
5 0.1634980988593156 0.7068661971830986 0.311787072243346 0.061619718309859156
4 0.19011406844106463 0.8309859154929577 0.3650190114068441 0.06338028169014084
5 0.16539923954372623 0.954225352112676 0.3155893536121673 0.06690140845070422