10 0.4881516587677725 0.33587786259541985 0.8530805687203792 0.08142493638676845
13 0.43364928909952605 0.4796437659033079 0.5545023696682464 0.08396946564885496
11 0.33886255924170616 0.48091603053435117 0.2037914691943128 0.07124681933842239
10 0.476303317535545 0.5687022900763359 0.8293838862559242 0.08396946564885496
7 0.34360189573459715 0.061068702290076333 0.6682464454976303 0.11195928753180662
13 0.43838862559241704 0.7137404580152672 0.5545023696682464 0.08396946564885496
11 0.33886255924170616 0.7150127226463104 0.2037914691943128 0.07124681933842239
10 0.5260663507109005 0.8027989821882952 0.9289099526066351 0.07888040712468193
8 0.38388625592417064 0.9414758269720102 0.7488151658767772 0.08142493638676845
13 0.43601895734597157 0.2455470737913486 0.5592417061611374 0.08396946564885496
11 0.33886255924170616 0.24681933842239187 0.2037914691943128 0.07124681933842239