11 0.3258426966292135 0.2192 0.0898876404494382 0.0448
13 0.6449438202247191 0.2192 0.23820224719101124 0.0512
13 0.2573033707865168 0.22 0.24044943820224718 0.0528
13 0.30337078651685395 0.22 0.3415730337078652 0.0624
11 0.5831460674157304 0.22 0.10561797752808989 0.0432
13 0.6921348314606741 0.22 0.34606741573033706 0.0592
11 0.7123595505617978 0.22 0.0898876404494382 0.0432
11 0.19662921348314608 0.22 0.10561797752808989 0.0432
4 0.13595505617977527 0.2848 0.21348314606741572 0.0576
13 0.24044943820224718 0.0336 0.3325842696629214 0.0544
11 0.1943820224719101 0.0336 0.16404494382022472 0.0448
11 0.2303370786516854 0.5784 0.16404494382022472 0.0432
13 0.2797752808988764 0.5784 0.3393258426966292 0.0528
13 0.6573033707865169 0.5784 0.2449438202247191 0.0528
13 0.7056179775280899 0.5784 0.41797752808988764 0.0624
11 0.2943820224719101 0.768 0.16179775280898875 0.0448
13 0.3415730337078652 0.7696 0.2696629213483146 0.0512
5 0.12022471910112359 0.924 0.18651685393258427 0.0624