4 0.32972972972972975 0.25165125495376484 0.518918918918919 0.0488771466314399
11 0.5459459459459459 0.3441215323645971 0.17297297297297298 0.035667107001321
13 0.6567567567567567 0.34478203434610305 0.42702702702702705 0.04227212681638045
1 0.3108108108108108 0.03896961690885073 0.6 0.07529722589167767
5 0.2918918918918919 0.3943196829590489 0.44324324324324327 0.0488771466314399
13 0.5324324324324324 0.4722589167767503 0.5783783783783784 0.043593130779392336
11 0.4189189189189189 0.47291941875825627 0.1783783783783784 0.036988110964332896
4 0.3864864864864865 0.6221928665785997 0.5243243243243243 0.047556142668428
11 0.6027027027027027 0.714663143989432 0.1783783783783784 0.036988110964332896
13 0.7162162162162162 0.7153236459709379 0.42702702702702705 0.043593130779392336
13 0.7162162162162162 0.8077939233817701 0.42702702702702705 0.04095112285336856
11 0.827027027027027 0.8077939233817701 0.17297297297297298 0.035667107001321
5 0.34864864864864864 0.8586525759577279 0.4486486486486487 0.05019815059445178
13 0.4756756756756757 0.1010568031704095 0.5837837837837838 0.043593130779392336
11 0.3621621621621622 0.10171730515191546 0.17297297297297298 0.036988110964332896