3 0.363855421686747 0.177762982689747 0.5927710843373494 0.043941411451398134
3 0.28433734939759037 0.2636484687083888 0.38072289156626504 0.0426098535286285
13 0.27228915662650605 0.03395472703062583 0.3373493975903614 0.043941411451398134
11 0.5939759036144578 0.03395472703062583 0.13253012048192772 0.03595206391478029
13 0.691566265060241 0.03395472703062583 0.40481927710843374 0.043941411451398134
11 0.21084337349397592 0.03395472703062583 0.13253012048192772 0.03595206391478029
8 0.26144578313253014 0.4007989347536618 0.2819277108433735 0.0426098535286285
8 0.2855421686746988 0.4440745672436751 0.3301204819277108 0.043941411451398134
11 0.22289156626506024 0.6484687083888149 0.13253012048192772 0.037283621837549935
13 0.2710843373493976 0.6491344873501997 0.3108433734939759 0.043941411451398134
13 0.2819277108433735 0.6990679094540613 0.27951807228915665 0.045272969374167776
11 0.2325301204819277 0.6990679094540613 0.09879518072289156 0.037283621837549935
13 0.25662650602409637 0.08788282290279627 0.27710843373493976 0.045272969374167776
11 0.20602409638554217 0.08788282290279627 0.09879518072289156 0.037283621837549935