13 0.8178763440860215 0.1721311475409836 0.2271505376344086 0.04918032786885246
3 0.4939516129032258 0.17287630402384502 0.9852150537634409 0.07153502235469449
3 0.4993279569892473 0.37257824143070045 0.9959677419354839 0.07153502235469449
13 0.8272849462365591 0.37332339791356184 0.22446236559139784 0.04918032786885246
1 0.061155913978494625 0.043964232488822655 0.1196236559139785 0.08494783904619971
11 0.20430107526881722 0.5648286140089419 0.07526881720430108 0.041728763040238454
13 0.23454301075268819 0.5670640834575261 0.14381720430107528 0.04918032786885246
13 0.1881720430107527 0.6266766020864382 0.28763440860215056 0.05812220566318927
13 0.15994623655913978 0.6274217585692996 0.18010752688172044 0.04769001490312966
11 0.20698924731182797 0.6274217585692996 0.07526881720430108 0.041728763040238454
0 0.15658602150537634 0.6870342771982116 0.28360215053763443 0.05663189269746647
13 0.22244623655913978 0.6870342771982116 0.135752688172043 0.05067064083457526
11 0.2493279569892473 0.6870342771982116 0.07661290322580645 0.041728763040238454
13 0.8172043010752689 0.7839046199701938 0.22849462365591397 0.05067064083457526
3 0.4959677419354839 0.7846497764530551 0.9865591397849462 0.07302533532041729
13 0.13709677419354838 0.8479880774962743 0.1532258064516129 0.05067064083457526
11 0.1081989247311828 0.8479880774962743 0.05510752688172043 0.041728763040238454
10 0.12231182795698925 0.11102831594634874 0.24193548387096775 0.04918032786885246