10 0.18585858585858586 0.1875 0.32323232323232326 0.047619047619047616
10 0.20404040404040405 0.28422619047619047 0.3595959595959596 0.050595238095238096
13 0.798989898989899 0.3392857142857143 0.37373737373737376 0.05654761904761905
13 0.3464646464646465 0.3400297619047619 0.45454545454545453 0.05803571428571429
13 0.741090909090909 0.34014880952380955 0.24848484848484848 0.047619047619047616
11 0.3717171717171717 0.34077380952380953 0.15353535353535352 0.041666666666666664
11 0.5242424242424243 0.34077380952380953 0.08686868686868687 0.041666666666666664
11 0.6984242424242425 0.34077380952380953 0.15353535353535352 0.041666666666666664
11 0.9363636363636364 0.34077380952380953 0.08686868686868687 0.041666666666666664
11 0.19797979797979798 0.34077380952380953 0.13737373737373737 0.041666666666666664
13 0.2898989898989899 0.34151785714285715 0.3292929292929293 0.049107142857142856
15 0.12222222222222222 0.03422619047619048 0.2404040404040404 0.06547619047619048
10 0.21212121212121213 0.39657738095238093 0.37575757575757573 0.049107142857142856
11 0.30505050505050507 0.39732142857142855 0.17373737373737375 0.041666666666666664
13 0.2404040404040404 0.4486607142857143 0.19393939393939394 0.049107142857142856
11 0.2878787878787879 0.4494047619047619 0.08686868686868687 0.041666666666666664
11 0.20707070707070707 0.5059523809523809 0.1717171717171717 0.041666666666666664
13 0.2606060606060606 0.5059523809523809 0.3434343434343434 0.050595238095238096
11 0.3414141414141414 0.5580357142857143 0.14545454545454545 0.041666666666666664
13 0.30707070707070705 0.6607142857142857 0.30303030303030304 0.047619047619047616
11 0.37373737373737376 0.6614583333333334 0.15757575757575756 0.04017857142857143
13 0.3505050505050505 0.6622023809523809 0.402020202020202 0.05654761904761905
3 0.2636363636363636 0.7180059523809523 0.43434343434343436 0.049107142857142856
8 0.18585858585858586 0.8147321428571429 0.2383838383838384 0.049107142857142856
8 0.17777777777777778 0.8630952380952381 0.2222222222222222 0.047619047619047616
8 0.15757575757575756 0.9419642857142857 0.2222222222222222 0.047619047619047616