2 0.5634146341463414 0.30385487528344673 0.3073170731707317 0.06349206349206349
13 0.6658536585365854 0.30385487528344673 0.5317073170731708 0.07256235827664399
2 0.5487804878048781 0.3832199546485261 0.3073170731707317 0.06349206349206349
13 0.5 0.045351473922902494 0.6780487804878049 0.07709750566893424
2 0.4024390243902439 0.045351473922902494 0.3170731707317073 0.06349206349206349
5 0.26097560975609757 0.46258503401360546 0.40487804878048783 0.08163265306122448
13 0.6634146341463415 0.5476190476190477 0.5365853658536586 0.07482993197278912
2 0.5634146341463414 0.5487528344671202 0.3073170731707317 0.06349206349206349
4 0.2951219512195122 0.6337868480725624 0.47317073170731705 0.08390022675736962
2 0.5634146341463414 0.719954648526077 0.3073170731707317 0.061224489795918366
13 0.6682926829268293 0.719954648526077 0.5365853658536586 0.07482993197278912
5 0.26097560975609757 0.8049886621315193 0.40487804878048783 0.08163265306122448
2 0.5634146341463414 0.8900226757369615 0.3073170731707317 0.06575963718820861
13 0.6634146341463415 0.8922902494331065 0.5365853658536586 0.07482993197278912
4 0.2975609756097561 0.13038548752834467 0.4682926829268293 0.08390022675736962
2 0.5634146341463414 0.21768707482993196 0.3073170731707317 0.06349206349206349
13 0.6658536585365854 0.21882086167800455 0.5317073170731708 0.07482993197278912