11 0.3346228239845261 0.16449086161879894 0.12379110251450677 0.03655352480417755
11 0.45551257253384914 0.24934725848563968 0.195357833655706 0.03655352480417755
11 0.43617021276595747 0.2924281984334204 0.195357833655706 0.0391644908616188
7 0.1644100580270793 0.030678851174934726 0.32108317214700194 0.0587467362924282
13 0.3114119922630561 0.4223237597911227 0.3829787234042553 0.04308093994778068
11 0.3820116054158607 0.42297650130548303 0.23404255319148937 0.03655352480417755
11 0.2736943907156673 0.5097911227154047 0.23404255319148937 0.037859007832898174
11 0.2640232108317215 0.5528720626631853 0.21470019342359767 0.037859007832898174
13 0.23017408123791103 0.7245430809399478 0.18568665377176016 0.044386422976501305
11 0.2765957446808511 0.7251958224543081 0.0851063829787234 0.03524804177545692
13 0.32205029013539654 0.7780678851174935 0.4197292069632495 0.04960835509138381
11 0.33849129593810445 0.7780678851174935 0.1470019342359768 0.03655352480417755
11 0.48549323017408125 0.7780678851174935 0.0851063829787234 0.03655352480417755
13 0.7775628626692457 0.7780678851174935 0.42166344294003866 0.04960835509138381
11 0.7940038684719536 0.7780678851174935 0.14893617021276595 0.03655352480417755
13 0.2678916827852998 0.7787206266318538 0.29980657640232106 0.04308093994778068
11 0.6353965183752418 0.7787206266318538 0.11411992263056092 0.037859007832898174
13 0.723404255319149 0.7787206266318538 0.2978723404255319 0.04308093994778068
11 0.9400386847195358 0.7787206266318538 0.0851063829787234 0.037859007832898174
11 0.18181818181818182 0.779373368146214 0.11605415860735009 0.03655352480417755
11 0.30077369439071566 0.08093994778067885 0.1218568665377176 0.03655352480417755
3 0.22823984526112184 0.8276762402088773 0.41005802707930367 0.04177545691906005
6 0.23210831721470018 0.8707571801566579 0.379110251450677 0.04177545691906005
8 0.15736943907156672 0.9116971279373368 0.22437137330754353 0.04177545691906005