2 0.9545454545454546 0.4107142857142857 0.05174825174825175 0.1
13 0.33706293706293705 0.4125 0.36363636363636365 0.15357142857142858
13 0.7678321678321678 0.4125 0.14265734265734265 0.11785714285714285
13 0.8048951048951049 0.4125 0.365034965034965 0.15357142857142858
13 0.9223776223776223 0.4125 0.11888111888111888 0.11785714285714285
13 0.26713286713286716 0.4142857142857143 0.21818181818181817 0.1357142857142857
2 0.26783216783216784 0.4142857142857143 0.06853146853146853 0.1
13 0.3006993006993007 0.4142857142857143 0.14265734265734265 0.11428571428571428
13 0.3027972027972028 0.4142857142857143 0.4405594405594406 0.17142857142857143
2 0.34475524475524477 0.4142857142857143 0.04895104895104895 0.1
13 0.4552447552447552 0.4142857142857143 0.12167832167832168 0.11428571428571428
2 0.48671328671328673 0.4142857142857143 0.05034965034965035 0.1
11 0.5755244755244755 0.4142857142857143 0.046153846153846156 0.09285714285714286
13 0.734965034965035 0.4142857142857143 0.21678321678321677 0.1357142857142857
2 0.8118881118881119 0.4142857142857143 0.046153846153846156 0.1
11 0.10839160839160839 0.4142857142857143 0.043356643356643354 0.1
2 0.734965034965035 0.4160714285714286 0.06853146853146853 0.09642857142857143
13 0.76993006993007 0.4160714285714286 0.4405594405594406 0.175
4 0.08461538461538462 0.5803571428571429 0.13566433566433567 0.13214285714285715
11 0.17692307692307693 0.7017857142857142 0.046153846153846156 0.09642857142857143
11 0.1048951048951049 0.7017857142857142 0.04755244755244755 0.09642857142857143
5 0.07482517482517483 0.8267857142857142 0.11608391608391608 0.13214285714285715
2 0.15454545454545454 0.09464285714285714 0.06013986013986014 0.09642857142857143
13 0.18321678321678322 0.09464285714285714 0.16503496503496504 0.11785714285714285
2 0.34965034965034963 0.09642857142857143 0.06713286713286713 0.1
13 0.37832167832167835 0.09821428571428571 0.17202797202797201 0.11785714285714285
2 0.22447552447552446 0.24821428571428572 0.08251748251748252 0.10357142857142858