2 0.16452991452991453 0.334375 0.04700854700854701 0.0875
2 0.09116809116809117 0.3359375 0.04843304843304843 0.084375
13 0.6196581196581197 0.4578125 0.15669515669515668 0.103125
2 0.2101139601139601 0.459375 0.04700854700854701 0.0875
13 0.73005698005698 0.459375 0.4287749287749288 0.11875
13 0.2720797720797721 0.4609375 0.4301994301994302 0.121875
13 0.3603988603988604 0.4609375 0.19943019943019943 0.109375
2 0.6709401709401709 0.4625 0.04843304843304843 0.0875
13 0.8198005698005698 0.4625 0.198005698005698 0.10625
13 0.16096866096866097 0.4640625 0.15669515669515668 0.103125
11 0.16951566951566951 0.925 0.06267806267806268 0.0875
10 0.1047008547008547 0.9265625 0.20655270655270655 0.103125
1 0.1111111111111111 0.0953125 0.21937321937321938 0.178125
2 0.12891737891737892 0.0984375 0.04700854700854701 0.084375
2 0.18376068376068377 0.1015625 0.045584045584045586 0.084375
10 0.11324786324786325 0.234375 0.22364672364672364 0.1