2 0.5634146341463414 0.1820113314447592 0.3073170731707317 0.04107648725212465
13 0.6658536585365854 0.18271954674220964 0.5317073170731708 0.0453257790368272
2 0.5487804878048781 0.23229461756373937 0.3073170731707317 0.039660056657223795
2 0.5487804878048781 0.2776203966005666 0.3073170731707317 0.039660056657223795
13 0.5024390243902439 0.02903682719546742 0.6829268292682927 0.046742209631728045
2 0.4024390243902439 0.029745042492917848 0.3170731707317073 0.039660056657223795
2 0.5634146341463414 0.3271954674220963 0.3073170731707317 0.039660056657223795
13 0.6829268292682927 0.32790368271954673 0.5658536585365853 0.046742209631728045
2 0.5634146341463414 0.3810198300283286 0.3073170731707317 0.039660056657223795
13 0.6658536585365854 0.38172804532577903 0.5414634146341464 0.046742209631728045
5 0.26097560975609757 0.43413597733711046 0.40487804878048783 0.05240793201133145
13 0.6707317073170732 0.48796033994334276 0.551219512195122 0.046742209631728045
2 0.5609756097560976 0.4886685552407932 0.3121951219512195 0.039660056657223795
2 0.5487804878048781 0.5382436260623229 0.3073170731707317 0.039660056657223795
13 0.5 0.6182719546742209 0.6780487804878049 0.046742209631728045
2 0.4024390243902439 0.6182719546742209 0.3170731707317073 0.03824362606232295
4 0.2951219512195122 0.6713881019830028 0.47317073170731705 0.053824362606232294
2 0.5634146341463414 0.7252124645892352 0.3073170731707317 0.039660056657223795
13 0.6658536585365854 0.7259206798866855 0.5317073170731708 0.046742209631728045
2 0.5609756097560976 0.7790368271954674 0.3121951219512195 0.039660056657223795
13 0.6634146341463415 0.7790368271954674 0.5365853658536586 0.0453257790368272
2 0.5487804878048781 0.07932011331444759 0.3073170731707317 0.039660056657223795
2 0.5487804878048781 0.8286118980169972 0.3073170731707317 0.039660056657223795
2 0.5585365853658537 0.8781869688385269 0.3073170731707317 0.039660056657223795
13 0.6634146341463415 0.8788951841359773 0.5365853658536586 0.046742209631728045
5 0.26097560975609757 0.9327195467422096 0.40487804878048783 0.05240793201133145
4 0.2951219512195122 0.1281869688385269 0.47317073170731705 0.05240793201133145