8 0.24280575539568344 0.15762463343108504 0.4712230215827338 0.045454545454545456
11 0.6420863309352518 0.2089442815249267 0.3345323741007194 0.039589442815249266
13 0.7194244604316546 0.2089442815249267 0.5107913669064749 0.04838709677419355
11 0.25539568345323743 0.26466275659824046 0.14388489208633093 0.039589442815249266
13 0.3273381294964029 0.26466275659824046 0.4172661870503597 0.04838709677419355
10 0.460431654676259 0.3159824046920821 0.8273381294964028 0.04838709677419355
13 0.36510791366906475 0.39882697947214074 0.4136690647482014 0.04985337243401759
11 0.2931654676258993 0.39882697947214074 0.1474820143884892 0.04105571847507331
1 0.21402877697841727 0.04398826979472141 0.4136690647482014 0.08504398826979472
10 0.5035971223021583 0.4508797653958944 0.8345323741007195 0.04838709677419355
13 0.4064748201438849 0.533724340175953 0.4172661870503597 0.04985337243401759
11 0.33093525179856115 0.533724340175953 0.14388489208633093 0.04105571847507331
10 0.5107913669064749 0.5857771260997068 0.7769784172661871 0.04838709677419355
10 0.552158273381295 0.6649560117302052 0.8597122302158273 0.04838709677419355
11 0.368705035971223 0.9134897360703812 0.23381294964028776 0.04105571847507331
13 0.5665467625899281 0.9134897360703812 0.737410071942446 0.04985337243401759
11 0.710431654676259 0.9142228739002932 0.3345323741007194 0.039589442815249266
0 0.08633093525179857 0.966275659824047 0.15827338129496402 0.0469208211143695