1 0.07439678284182305 0.046251993620414676 0.14343163538873996 0.08931419457735247
11 0.1950402144772118 0.4625199362041467 0.13270777479892762 0.04146730462519936
13 0.3002680965147453 0.4625199362041467 0.44235924932975873 0.05741626794258373
11 0.48458445040214476 0.46331738437001596 0.06836461126005362 0.0430622009569378
11 0.6635388739946381 0.46331738437001596 0.13136729222520108 0.0430622009569378
13 0.7687667560321716 0.46331738437001596 0.4410187667560322 0.05901116427432217
11 0.9524128686327078 0.46331738437001596 0.06836461126005362 0.0430622009569378
4 0.08109919571045576 0.580542264752791 0.13002680965147453 0.05741626794258373
5 0.07171581769436998 0.638755980861244 0.11126005361930295 0.05901116427432217
13 0.39075067024128685 0.751993620414673 0.19973190348525469 0.049441786283891544
4 0.06702412868632708 0.8995215311004785 0.128686327077748 0.05741626794258373
5 0.057640750670241284 0.9585326953748007 0.10991957104557641 0.05741626794258373