2 0.5606796116504854 0.30714285714285716 0.3058252427184466 0.06666666666666667
13 0.662621359223301 0.30952380952380953 0.529126213592233 0.0761904761904762
2 0.5485436893203883 0.3904761904761905 0.30097087378640774 0.06666666666666667
2 0.5485436893203883 0.46785714285714286 0.30097087378640774 0.06428571428571428
2 0.40048543689320387 0.05 0.3155339805825243 0.06666666666666667
13 0.5024271844660194 0.05119047619047619 0.6747572815533981 0.07857142857142857
2 0.5461165048543689 0.5452380952380952 0.3058252427184466 0.06666666666666667
2 0.5606796116504854 0.6285714285714286 0.3058252427184466 0.06666666666666667
13 0.662621359223301 0.6285714285714286 0.529126213592233 0.08095238095238096
5 0.2645631067961165 0.719047619047619 0.4029126213592233 0.08571428571428572
2 0.5485436893203883 0.8023809523809524 0.30097087378640774 0.06666666666666667
2 0.5631067961165048 0.8857142857142857 0.30097087378640774 0.06666666666666667
13 0.662621359223301 0.8869047619047619 0.529126213592233 0.07857142857142857
2 0.5485436893203883 0.13333333333333333 0.30097087378640774 0.06666666666666667
4 0.2961165048543689 0.21785714285714286 0.46601941747572817 0.0880952380952381