13 0.34754990925589835 0.23954372623574144 0.19056261343012704 0.053231939163498096
13 0.19056261343012704 0.4391634980988593 0.18148820326678766 0.060836501901140684
2 0.2395644283121597 0.4391634980988593 0.07622504537205081 0.053231939163498096
13 0.6896551724137931 0.4391634980988593 0.5807622504537205 0.09125475285171103
13 0.7286751361161524 0.4391634980988593 0.49183303085299457 0.07984790874524715
2 0.7323049001814882 0.4391634980988593 0.07441016333938294 0.053231939163498096
13 0.7894736842105263 0.4391634980988593 0.35934664246823955 0.07224334600760456
11 0.8448275862068966 0.4391634980988593 0.07078039927404718 0.053231939163498096
13 0.8838475499092558 0.4391634980988593 0.15970961887477314 0.060836501901140684
13 0.23049001814882034 0.44011406844106465 0.27223230490018147 0.0741444866920152
13 0.6932849364791288 0.44011406844106465 0.15970961887477314 0.058935361216730035
11 0.14065335753176045 0.44011406844106465 0.07078039927404718 0.051330798479087454
11 0.13520871143375682 0.04847908745247148 0.07078039927404718 0.051330798479087454
13 0.2767695099818512 0.049429657794676805 0.4192377495462795 0.07224334600760456
13 0.3248638838475499 0.049429657794676805 0.25045372050816694 0.060836501901140684
11 0.36932849364791287 0.05038022813688213 0.1542649727767695 0.051330798479087454
4 0.09709618874773139 0.5275665399239544 0.17604355716878403 0.07034220532319392
13 0.19056261343012704 0.6749049429657795 0.18148820326678766 0.060836501901140684
13 0.7822141560798548 0.6749049429657795 0.35571687840290384 0.07224334600760456
11 0.8402903811252269 0.6749049429657795 0.07259528130671507 0.053231939163498096
13 0.8774954627949183 0.6749049429657795 0.15789473684210525 0.060836501901140684
13 0.2277676950998185 0.6758555133079848 0.26678765880217786 0.0741444866920152
2 0.23865698729582577 0.6758555133079848 0.07441016333938294 0.051330798479087454
13 0.6833030852994555 0.6758555133079848 0.5716878402903811 0.09315589353612168
13 0.6896551724137931 0.6758555133079848 0.15970961887477314 0.06273764258555133
13 0.7223230490018149 0.6758555133079848 0.4863883847549909 0.0817490494296578
2 0.7268602540834845 0.6758555133079848 0.07441016333938294 0.051330798479087454
11 0.1397459165154265 0.6758555133079848 0.07259528130671507 0.051330798479087454
5 0.08620689655172414 0.7633079847908745 0.15063520871143377 0.07034220532319392
13 0.19509981851179672 0.8393536121673004 0.18330308529945555 0.058935361216730035
11 0.1442831215970962 0.8393536121673004 0.07078039927404718 0.051330798479087454
13 0.23502722323049002 0.8403041825095057 0.33212341197822143 0.07224334600760456
2 0.2422867513611615 0.8403041825095057 0.0780399274047187 0.053231939163498096
13 0.32123411978221417 0.12642585551330798 0.13793103448275862 0.051330798479087454