0 0.14792899408284024 0.21674876847290642 0.15976331360946747 0.052545155993431854
13 0.4541420118343195 0.2799671592775041 0.26331360946745563 0.054187192118226604
13 0.5133136094674556 0.2799671592775041 0.3994082840236686 0.06403940886699508
11 0.4718934911242604 0.34564860426929395 0.5177514792899408 0.04433497536945813
13 0.5310650887573964 0.34564860426929395 0.7366863905325444 0.054187192118226604
7 0.20857988165680474 0.03858784893267652 0.40532544378698226 0.07060755336617405
3 0.46745562130177515 0.40229885057471265 0.727810650887574 0.052545155993431854
13 0.5162721893491125 0.46469622331691296 0.26331360946745563 0.052545155993431854
13 0.5754437869822485 0.46551724137931033 0.3994082840236686 0.06403940886699508
13 0.5784023668639053 0.5714285714285714 0.3994082840236686 0.06239737274220033
13 0.5177514792899408 0.5722495894909688 0.2603550295857988 0.054187192118226604
13 0.36538461538461536 0.7093596059113301 0.40532544378698226 0.05582922824302135
11 0.28402366863905326 0.7093596059113301 0.14201183431952663 0.04597701149425287
13 0.2958579881656805 0.10591133004926108 0.40236686390532544 0.054187192118226604
11 0.23668639053254437 0.10673234811165845 0.17751479289940827 0.04597701149425287