13 0.25701754385964914 0.3360655737704918 0.36666666666666664 0.09289617486338798
11 0.18947368421052632 0.44672131147540983 0.056140350877192984 0.07377049180327869
13 0.606140350877193 0.44672131147540983 0.1456140350877193 0.09016393442622951
11 0.5675438596491228 0.44808743169398907 0.05789473684210526 0.07650273224043716
4 0.10526315789473684 0.5560109289617486 0.17192982456140352 0.09562841530054644
13 0.23333333333333334 0.6680327868852459 0.14385964912280702 0.09016393442622951
13 0.6921052631578948 0.6680327868852459 0.1456140350877193 0.09016393442622951
11 0.19473684210526315 0.6693989071038251 0.056140350877192984 0.07650273224043716
11 0.6535087719298246 0.6693989071038251 0.05789473684210526 0.07650273224043716
5 0.09385964912280702 0.7800546448087432 0.1456140350877193 0.09562841530054644
0 0.44035087719298244 0.15163934426229508 0.8771929824561403 0.09016393442622951
11 0.8140350877192982 0.15163934426229508 0.10526315789473684 0.06830601092896176