13 0.19732704402515724 0.30515463917525776 0.24056603773584906 0.06597938144329897
11 0.4158805031446541 0.30515463917525776 0.08333333333333333 0.0577319587628866
11 0.14544025157232704 0.30515463917525776 0.08333333333333333 0.0577319587628866
13 0.4473270440251572 0.3061855670103093 0.19968553459119498 0.06804123711340206
12 0.18867924528301888 0.049484536082474224 0.3710691823899371 0.09484536082474226
13 0.26257861635220126 0.5 0.3522012578616352 0.06804123711340206
11 0.15487421383647798 0.5 0.08333333333333333 0.05567010309278351
8 0.1430817610062893 0.5721649484536082 0.1761006289308176 0.06391752577319587
11 0.1878930817610063 0.14329896907216494 0.08333333333333333 0.05567010309278351
13 0.2389937106918239 0.14329896907216494 0.2389937106918239 0.06804123711340206
11 0.6957547169811321 0.14329896907216494 0.08333333333333333 0.05567010309278351
11 0.45676100628930816 0.14432989690721648 0.08333333333333333 0.05360824742268041
13 0.4882075471698113 0.14432989690721648 0.19968553459119498 0.06597938144329897
13 0.8042452830188679 0.14432989690721648 0.35062893081761004 0.07010309278350516