4 0.2951219512195122 0.27350427350427353 0.47317073170731705 0.07692307692307693
2 0.5634146341463414 0.3547008547008547 0.3073170731707317 0.05982905982905983
13 0.6658536585365854 0.35683760683760685 0.5414634146341464 0.06837606837606838
2 0.4024390243902439 0.042735042735042736 0.3170731707317073 0.05982905982905983
13 0.5 0.0438034188034188 0.6780487804878049 0.07051282051282051
2 0.5634146341463414 0.43482905982905984 0.3073170731707317 0.057692307692307696
13 0.6682926829268293 0.43696581196581197 0.5365853658536586 0.07051282051282051
2 0.5487804878048781 0.5106837606837606 0.3073170731707317 0.05982905982905983
2 0.5487804878048781 0.5790598290598291 0.3073170731707317 0.05982905982905983
13 0.6804878048780488 0.6538461538461539 0.5707317073170731 0.06837606837606838
2 0.5634146341463414 0.6549145299145299 0.3073170731707317 0.06196581196581197
5 0.2634146341463415 0.7350427350427351 0.4 0.07692307692307693
2 0.5634146341463414 0.8162393162393162 0.3073170731707317 0.05982905982905983
13 0.6658536585365854 0.8173076923076923 0.5414634146341464 0.07051282051282051
2 0.5634146341463414 0.8974358974358975 0.3073170731707317 0.05982905982905983
13 0.6731707317073171 0.8985042735042735 0.5463414634146342 0.07051282051282051
2 0.5634146341463414 0.12393162393162394 0.3073170731707317 0.05982905982905983
13 0.6658536585365854 0.125 0.5317073170731708 0.07051282051282051
2 0.5487804878048781 0.1987179487179487 0.3073170731707317 0.05982905982905983