11 0.2853470437017995 0.13054830287206268 0.23136246786632392 0.03655352480417755
11 0.7082262210796915 0.13054830287206268 0.08997429305912596 0.03655352480417755
11 0.2827763496143959 0.18276762402088773 0.20051413881748073 0.03655352480417755
13 0.33547557840616965 0.18276762402088773 0.38817480719794345 0.044386422976501305
12 0.25578406169665807 0.031331592689295036 0.506426735218509 0.057441253263707574
6 0.35218508997429304 0.35509138381201044 0.4730077120822622 0.04177545691906005
10 0.32904884318766064 0.4680156657963446 0.4832904884318766 0.04308093994778068
6 0.2596401028277635 0.5097911227154047 0.3496143958868895 0.04046997389033943
11 0.2275064267352185 0.6377284595300261 0.08483290488431877 0.03524804177545692
11 0.2467866323907455 0.7643603133159269 0.12853470437017994 0.03524804177545692
11 0.2660668380462725 0.8922976501305483 0.16709511568123395 0.03524804177545692
13 0.7622107969151671 0.12924281984334204 0.2750642673521851 0.04177545691906005
13 0.33676092544987146 0.12989556135770236 0.42159383033419023 0.04308093994778068