11 0.5 0.21315372424722662 0.1826625386996904 0.042789223454833596
11 0.4195046439628483 0.277337559429477 0.15170278637770898 0.044374009508716325
2 0.6300309597523219 0.277337559429477 0.1021671826625387 0.044374009508716325
13 0.7058823529411765 0.277337559429477 0.2724458204334365 0.05071315372424723
13 0.7678018575851393 0.277337559429477 0.4148606811145511 0.060221870047543584
2 0.7832817337461301 0.277337559429477 0.10526315789473684 0.044374009508716325
2 0.24303405572755418 0.277337559429477 0.1021671826625387 0.044374009508716325
13 0.34365325077399383 0.27812995245641836 0.3157894736842105 0.05229793977812995
11 0.23839009287925697 0.03328050713153724 0.1609907120743034 0.044374009508716325
13 0.33746130030959753 0.03407290015847861 0.46439628482972134 0.05229793977812995
11 0.44272445820433437 0.03407290015847861 0.14860681114551083 0.042789223454833596
4 0.18885448916408668 0.3415213946117274 0.29721362229102166 0.0554675118858954
13 0.33746130030959753 0.401743264659271 0.30959752321981426 0.0491283676703645
11 0.4102167182662539 0.401743264659271 0.15170278637770898 0.042789223454833596
2 0.23993808049535603 0.401743264659271 0.1021671826625387 0.042789223454833596
5 0.16563467492260062 0.4619651347068146 0.25696594427244585 0.058637083993660855
13 0.6207430340557275 0.5554675118858954 0.3993808049535604 0.05229793977812995
11 0.7368421052631579 0.5554675118858954 0.14860681114551083 0.042789223454833596
11 0.4891640866873065 0.615689381933439 0.18575851393188855 0.042789223454833596
13 0.5526315789473685 0.615689381933439 0.33126934984520123 0.05229793977812995
11 0.5 0.6759112519809826 0.1826625386996904 0.042789223454833596
13 0.3281733746130031 0.7393026941362916 0.2724458204334365 0.05229793977812995
13 0.39009287925696595 0.7393026941362916 0.4148606811145511 0.061806656101426306
2 0.4040247678018576 0.7393026941362916 0.1021671826625387 0.042789223454833596
13 0.8157894736842105 0.7393026941362916 0.3188854489164087 0.0491283676703645
11 0.8931888544891641 0.7393026941362916 0.15170278637770898 0.042789223454833596
2 0.7136222910216719 0.7400950871632329 0.1021671826625387 0.044374009508716325
2 0.25077399380804954 0.7400950871632329 0.09907120743034056 0.044374009508716325
4 0.1873065015479876 0.8026941362916006 0.30030959752321984 0.058637083993660855
13 0.33746130030959753 0.8637083993660856 0.30959752321981426 0.05071315372424723
11 0.4102167182662539 0.8637083993660856 0.15170278637770898 0.044374009508716325
2 0.23993808049535603 0.8637083993660856 0.1021671826625387 0.044374009508716325
13 0.6269349845201239 0.09270998415213946 0.4117647058823529 0.05229793977812995
5 0.16873065015479877 0.9231378763866878 0.25696594427244585 0.0554675118858954
11 0.7430340557275542 0.09350237717908082 0.1609907120743034 0.044374009508716325
13 0.5510835913312694 0.15293185419968305 0.33436532507739936 0.05229793977812995
11 0.4891640866873065 0.1537242472266244 0.18575851393188855 0.044374009508716325