2 0.14566929133858267 0.23716951788491447 0.09448818897637795 0.041990668740279936
13 0.18996062992125984 0.23716951788491447 0.25 0.05132192846034215
11 0.3080708661417323 0.37947122861586313 0.06496062992125984 0.04043545878693624
13 0.35334645669291337 0.37947122861586313 0.17125984251968504 0.05287713841368585
1 0.2312992125984252 0.045878693623639194 0.45866141732283466 0.08864696734059098
0 0.5 0.4681181959564541 0.9960629921259843 0.049766718506998445
11 0.9261811023622047 0.4681181959564541 0.11614173228346457 0.04043545878693624
2 0.2903543307086614 0.04821150855365474 0.08464566929133858 0.04043545878693624
2 0.390748031496063 0.04821150855365474 0.09251968503937008 0.04354587869362364
2 0.19291338582677164 0.04821150855365474 0.08661417322834646 0.04043545878693624
4 0.0984251968503937 0.6329704510108864 0.19291338582677164 0.05598755832037325
5 0.08464566929133858 0.7410575427682737 0.16141732283464566 0.05443234836702955
4 0.09744094488188976 0.8499222395023328 0.19094488188976377 0.05754276827371695
5 0.08366141732283465 0.9603421461897356 0.16338582677165353 0.05754276827371695
5 0.08366141732283465 0.11897356143079316 0.16338582677165353 0.060653188180404355