13 0.4835820895522388 0.16184971098265896 0.573134328358209 0.05491329479768786
11 0.4880597014925373 0.16184971098265896 0.12835820895522387 0.04046242774566474
2 0.6537313432835821 0.16184971098265896 0.10149253731343283 0.04046242774566474
13 0.564179104477612 0.16257225433526012 0.29850746268656714 0.0476878612716763
13 0.44029850746268656 0.3764450867052023 0.2716417910447761 0.0476878612716763
1 0.2537313432835821 0.04335260115606936 0.5014925373134328 0.0838150289017341
2 0.3074626865671642 0.046242774566473986 0.0955223880597015 0.03757225433526012
2 0.42388059701492536 0.046242774566473986 0.0955223880597015 0.03757225433526012
0 0.5149253731343284 0.47398843930635837 0.9582089552238806 0.046242774566473986
13 0.8537313432835821 0.47471098265895956 0.2507462686567164 0.03901734104046243
4 0.18059701492537314 0.5252890173410405 0.28955223880597014 0.05346820809248555
5 0.15970149253731344 0.5794797687861272 0.24776119402985075 0.05202312138728324
0 0.5134328358208955 0.7702312138728323 0.9552238805970149 0.046242774566473986
13 0.8552238805970149 0.7702312138728323 0.24776119402985075 0.04046242774566474
4 0.18059701492537314 0.8215317919075145 0.28955223880597014 0.05346820809248555
5 0.15970149253731344 0.8771676300578035 0.24776119402985075 0.05491329479768786