2 0.25841346153846156 0.4096153846153846 0.07932692307692307 0.10384615384615385
2 0.28725961538461536 0.5346153846153846 0.08413461538461539 0.1
2 0.28725961538461536 0.6596153846153846 0.08413461538461539 0.10384615384615385
2 0.3269230769230769 0.7846153846153846 0.08173076923076923 0.1076923076923077
14 0.18028846153846154 0.9076923076923077 0.35096153846153844 0.12307692307692308
1 0.4987980769230769 0.11346153846153846 0.9927884615384616 0.21923076923076923
2 0.5697115384615384 0.11730769230769231 0.07692307692307693 0.10384615384615385
2 0.41225961538461536 0.11923076923076924 0.07451923076923077 0.1
2 0.7235576923076923 0.11923076923076924 0.07692307692307693 0.1076923076923077
2 0.9314903846153846 0.11923076923076924 0.07451923076923077 0.1
2 0.28966346153846156 0.12115384615384615 0.07451923076923077 0.09615384615384616
2 0.25841346153846156 0.2846153846153846 0.07932692307692307 0.1076923076923077