11 0.21978021978021978 0.29415584415584417 0.2271062271062271 0.03506493506493506
13 0.25824175824175827 0.29415584415584417 0.3663003663003663 0.04285714285714286
3 0.3708791208791209 0.29415584415584417 0.7271062271062271 0.05844155844155844
1 0.1575091575091575 0.03896103896103896 0.304029304029304 0.07532467532467532
13 0.5366300366300366 0.42142857142857143 0.6227106227106227 0.048051948051948054
13 0.575091575091575 0.42142857142857143 0.5311355311355311 0.04285714285714286
13 0.6492673992673993 0.522077922077922 0.5366300366300366 0.04155844155844156
13 0.21245421245421245 0.5746753246753247 0.23076923076923078 0.04285714285714286
13 0.6181318681318682 0.5746753246753247 0.5293040293040293 0.04025974025974026
11 0.2554945054945055 0.5753246753246753 0.1336996336996337 0.03636363636363636
13 0.4899267399267399 0.5753246753246753 0.7967032967032966 0.04935064935064935
4 0.09615384615384616 0.6266233766233766 0.17765567765567766 0.048051948051948054
5 0.08333333333333333 0.6779220779220779 0.152014652014652 0.04935064935064935
13 0.6529304029304029 0.8246753246753247 0.5366300366300366 0.04155844155844156
4 0.09615384615384616 0.8727272727272727 0.17765567765567766 0.04935064935064935
5 0.08333333333333333 0.9227272727272727 0.152014652014652 0.048051948051948054
0 0.29212454212454214 0.9688311688311688 0.5695970695970696 0.04415584415584416