3 0.1435257410296412 0.2035225048923679 0.24648985959438377 0.06262230919765166
0 0.10218408736349453 0.26614481409001955 0.13260530421216848 0.06262230919765166
13 0.3003120124804992 0.05577299412915851 0.18252730109204368 0.060665362035225046
13 0.7074882995319812 0.05577299412915851 0.28549141965678626 0.07240704500978473
13 0.7363494539781591 0.05577299412915851 0.40873634945397813 0.08414872798434442
13 0.7613104524180967 0.05577299412915851 0.1684867394695788 0.06457925636007827
13 0.24570982839313574 0.05675146771037182 0.30109204368174725 0.07436399217221135
13 0.2745709828393136 0.05675146771037182 0.4243369734789392 0.08610567514677103
0 0.1856474258970359 0.678082191780822 0.36817472698907955 0.060665362035225046
0 0.17862714508580343 0.7407045009784736 0.35101404056162244 0.06457925636007827
0 0.18252730109204368 0.8062622309197651 0.358814352574103 0.06262230919765166
0 0.1996879875195008 0.13992172211350293 0.3619344773790952 0.06457925636007827