11 0.1527777777777778 0.3810316139767055 0.09188034188034189 0.04658901830282862
13 0.1955128205128205 0.3810316139767055 0.25 0.056572379367720464
1 0.1452991452991453 0.050748752079866885 0.28205128205128205 0.09484193011647254
13 0.5106837606837606 0.502495840266223 0.7863247863247863 0.0632279534109817
11 0.8215811965811965 0.502495840266223 0.09188034188034189 0.04658901830282862
11 0.37606837606837606 0.5033277870216306 0.2863247863247863 0.04492512479201331
11 0.3995726495726496 0.5740432612312812 0.2863247863247863 0.04658901830282862
13 0.5363247863247863 0.5748752079866889 0.7905982905982906 0.064891846921797
11 0.6260683760683761 0.6422628951747088 0.2863247863247863 0.04658901830282862
11 0.625 0.7046589018302829 0.2841880341880342 0.04492512479201331
14 0.25427350427350426 0.7637271214642263 0.31196581196581197 0.05324459234608985
13 0.17841880341880342 0.12479201331114809 0.21153846153846154 0.04658901830282862