11 0.5615763546798029 0.32885085574572126 0.2955665024630542 0.06601466992665037
13 0.6748768472906403 0.32885085574572126 0.541871921182266 0.08068459657701711
11 0.5665024630541872 0.42053789731051344 0.2955665024630542 0.06845965770171149
13 0.6847290640394089 0.421760391198044 0.5615763546798029 0.07579462102689487
13 0.4482758620689655 0.05134474327628362 0.5714285714285714 0.08312958435207823
11 0.3522167487684729 0.05256723716381418 0.2019704433497537 0.07090464547677261
11 0.5640394088669951 0.5134474327628362 0.30049261083743845 0.06845965770171149
13 0.6748768472906403 0.5146699266503667 0.541871921182266 0.08068459657701711
13 0.6748768472906403 0.6051344743276283 0.541871921182266 0.08068459657701711
11 0.5665024630541872 0.6992665036674817 0.2955665024630542 0.06845965770171149
13 0.6847290640394089 0.6992665036674817 0.5615763546798029 0.07823960880195599
5 0.2684729064039409 0.7909535452322738 0.4088669950738916 0.09046454767726161
11 0.5640394088669951 0.882640586797066 0.30049261083743845 0.06845965770171149
13 0.6699507389162561 0.8838630806845966 0.5320197044334976 0.08068459657701711
4 0.30049261083743845 0.1430317848410758 0.4729064039408867 0.09046454767726161
13 0.6748768472906403 0.23594132029339854 0.541871921182266 0.08068459657701711
11 0.5665024630541872 0.2371638141809291 0.2955665024630542 0.06845965770171149