2 0.5634146341463414 0.2549407114624506 0.3073170731707317 0.05533596837944664
13 0.6658536585365854 0.25592885375494073 0.5317073170731708 0.06521739130434782
13 0.6634146341463415 0.3290513833992095 0.5365853658536586 0.06521739130434782
2 0.5634146341463414 0.3300395256916996 0.3073170731707317 0.05533596837944664
13 0.5024390243902439 0.040513833992094864 0.6829268292682927 0.06521739130434782
2 0.5487804878048781 0.39920948616600793 0.3073170731707317 0.05533596837944664
2 0.4024390243902439 0.041501976284584984 0.3170731707317073 0.05533596837944664
5 0.2634146341463415 0.4673913043478261 0.4 0.07312252964426877
2 0.5634146341463414 0.5434782608695652 0.3073170731707317 0.05533596837944664
13 0.6634146341463415 0.5434782608695652 0.5365853658536586 0.06324110671936758
4 0.2975609756097561 0.6175889328063241 0.4682926829268293 0.07312252964426877
2 0.5634146341463414 0.691699604743083 0.3073170731707317 0.05533596837944664
13 0.6658536585365854 0.6926877470355731 0.5317073170731708 0.06521739130434782
5 0.2634146341463415 0.766798418972332 0.4 0.07114624505928854
2 0.5634146341463414 0.841897233201581 0.3073170731707317 0.05533596837944664
13 0.6682926829268293 0.8428853754940712 0.5365853658536586 0.06521739130434782
2 0.5487804878048781 0.9110671936758893 0.3073170731707317 0.05533596837944664
2 0.5487804878048781 0.11067193675889328 0.3073170731707317 0.05533596837944664
4 0.2951219512195122 0.17984189723320157 0.47317073170731705 0.07509881422924901