10 0.175 0.3368237347294939 0.34130434782608693 0.055846422338568937
1 0.10760869565217392 0.05148342059336824 0.20652173913043478 0.09947643979057591
11 0.358695652173913 0.5165794066317626 0.29130434782608694 0.04537521815008726
13 0.4956521739130435 0.5165794066317626 0.8 0.06631762652705062
11 0.8119565217391305 0.5165794066317626 0.09347826086956522 0.04886561954624782
11 0.38369565217391305 0.5924956369982548 0.29347826086956524 0.04712041884816754
13 0.525 0.5924956369982548 0.8065217391304348 0.06806282722513089
11 0.6130434782608696 0.662303664921466 0.29130434782608694 0.04712041884816754
11 0.6130434782608696 0.7286212914485166 0.29130434782608694 0.04712041884816754
14 0.23478260869565218 0.7905759162303665 0.3173913043478261 0.055846422338568937
13 0.1815217391304348 0.12914485165794065 0.21521739130434783 0.04886561954624782