13 0.3609406952965235 0.3011204481792717 0.5214723926380368 0.06722689075630252
13 0.3997955010224949 0.3011204481792717 0.43558282208588955 0.06162464985994398
13 0.45194274028629855 0.3011204481792717 0.31901840490797545 0.05322128851540616
11 0.34355828220858897 0.3018207282913165 0.081799591002045 0.037815126050420166
13 0.39161554192229037 0.3018207282913165 0.18609406952965235 0.046218487394957986
13 0.17586912065439672 0.36554621848739494 0.16359918200409 0.0392156862745098
13 0.2198364008179959 0.36624649859943975 0.26380368098159507 0.046218487394957986
11 0.2995910020449898 0.41876750700280113 0.06748466257668712 0.036414565826330535
1 0.1196319018404908 0.04201680672268908 0.2310838445807771 0.08123249299719888
13 0.20040899795501022 0.47058823529411764 0.22085889570552147 0.04481792717086835
11 0.15848670756646216 0.47198879551820727 0.06748466257668712 0.0392156862745098
11 0.26380368098159507 0.5392156862745098 0.065439672801636 0.0392156862745098
11 0.3660531697341513 0.5392156862745098 0.081799591002045 0.0392156862745098
13 0.6012269938650306 0.5392156862745098 0.7689161554192229 0.07563025210084033
13 0.712678936605317 0.5392156862745098 0.5337423312883436 0.06722689075630252
11 0.7259713701431493 0.5392156862745098 0.07770961145194274 0.0392156862745098
13 0.8251533742331288 0.5392156862745098 0.2883435582822086 0.05322128851540616
11 0.8384458077709611 0.5392156862745098 0.06952965235173825 0.0392156862745098
13 0.8813905930470347 0.5392156862745098 0.16359918200409 0.04481792717086835
13 0.3169734151329243 0.5399159663865546 0.18813905930470348 0.046218487394957986
13 0.7556237218813906 0.5399159663865546 0.4396728016359918 0.06022408963585434
13 0.3067484662576687 0.6414565826330533 0.16359918200409 0.04481792717086835
11 0.3476482617586912 0.6414565826330533 0.065439672801636 0.0392156862745098
13 0.3609406952965235 0.6414565826330533 0.2842535787321063 0.05322128851540616
11 0.4560327198364008 0.6414565826330533 0.081799591002045 0.0392156862745098
11 0.15848670756646216 0.7282913165266106 0.06748466257668712 0.0392156862745098
13 0.21063394683026584 0.7289915966386554 0.23721881390593047 0.046218487394957986
4 0.14621676891615543 0.7815126050420168 0.1983640081799591 0.05322128851540616
11 0.4110429447852761 0.11974789915966387 0.081799591002045 0.037815126050420166
13 0.4601226993865031 0.11974789915966387 0.18813905930470348 0.046218487394957986
13 0.46932515337423314 0.11974789915966387 0.5501022494887525 0.06862745098039216
13 0.5010224948875256 0.11974789915966387 0.2822085889570552 0.0546218487394958
13 0.42535787321063395 0.12044817927170869 0.4458077709611452 0.06162464985994398