13 0.39869281045751637 0.24608501118568232 0.28322440087145967 0.0894854586129754
13 0.3540305010893246 0.24720357941834453 0.18082788671023964 0.0738255033557047
11 0.40305010893246185 0.24720357941834453 0.07407407407407407 0.06040268456375839
3 0.20043572984749455 0.33109619686800895 0.3485838779956427 0.07158836689038031
15 0.13507625272331156 0.052572706935123045 0.26143790849673204 0.09619686800894854
13 0.39433551198257083 0.814317673378076 0.27450980392156865 0.08501118568232663
11 0.3954248366013072 0.814317673378076 0.0718954248366013 0.06263982102908278
13 0.35076252723311546 0.8154362416107382 0.17429193899782136 0.0738255033557047
11 0.3877995642701525 0.9474272930648769 0.07407407407407407 0.06040268456375839
13 0.7320261437908496 0.14988814317673377 0.3660130718954248 0.07158836689038031
3 0.5 0.15100671140939598 0.9912854030501089 0.09619686800894854
11 0.6699346405228758 0.15100671140939598 0.17647058823529413 0.06040268456375839