2 0.2995735607675906 0.4339622641509434 0.07036247334754797 0.10566037735849057
2 0.26865671641791045 0.5660377358490566 0.06823027718550106 0.10566037735849057
2 0.1044776119402985 0.5660377358490566 0.07249466950959488 0.10566037735849057
0 0.19829424307036247 0.5660377358490566 0.39232409381663114 0.12075471698113208
2 0.3486140724946695 0.5679245283018868 0.06609808102345416 0.1018867924528302
2 0.1865671641791045 0.569811320754717 0.06609808102345416 0.10566037735849057
2 0.14072494669509594 0.6981132075471698 0.06823027718550106 0.09811320754716982
13 0.21855010660980811 0.7 0.29637526652452023 0.12452830188679245
11 0.27185501066098083 0.7 0.11727078891257996 0.1018867924528302
2 0.31556503198294245 0.8301886792452831 0.07249466950959488 0.10566037735849057
1 0.5 0.11132075471698114 0.9957356076759062 0.20754716981132076
2 0.40405117270788915 0.11886792452830189 0.06609808102345416 0.1018867924528302
2 0.7899786780383795 0.11886792452830189 0.06609808102345416 0.1018867924528302
2 0.9392324093816631 0.11886792452830189 0.07036247334754797 0.1018867924528302
2 0.2835820895522388 0.12075471698113208 0.06396588486140725 0.09811320754716982
2 0.5277185501066098 0.12075471698113208 0.06609808102345416 0.09811320754716982
2 0.6513859275053305 0.12075471698113208 0.07036247334754797 0.09811320754716982
2 0.291044776119403 0.29056603773584905 0.07036247334754797 0.10566037735849057