11 0.4170940170940171 0.2511467889908257 0.14017094017094017 0.06651376146788991
13 0.676923076923077 0.2511467889908257 0.1641025641025641 0.07568807339449542
13 0.5205128205128206 0.25229357798165136 0.5008547008547009 0.11467889908256881
13 0.5538461538461539 0.25229357798165136 0.42735042735042733 0.10091743119266056
13 0.6367521367521367 0.25229357798165136 0.2512820512820513 0.0871559633027523
11 0.6376068376068376 0.25229357798165136 0.07179487179487179 0.06422018348623854
6 0.13675213675213677 0.4243119266055046 0.23247863247863249 0.07339449541284404
7 0.13760683760683762 0.052752293577981654 0.26837606837606837 0.10091743119266056
11 0.14102564102564102 0.6536697247706422 0.0735042735042735 0.06422018348623854
13 0.1752136752136752 0.6548165137614679 0.2 0.07568807339449542
13 0.7316239316239316 0.7522935779816514 0.5025641025641026 0.0871559633027523
11 0.5256410256410257 0.7534403669724771 0.0735042735042735 0.06651376146788991
13 0.5683760683760684 0.7534403669724771 0.16923076923076924 0.07568807339449542
13 0.8307692307692308 0.7534403669724771 0.29743589743589743 0.07568807339449542
13 0.6982905982905983 0.7545871559633027 0.5794871794871795 0.10091743119266056
11 0.8658119658119658 0.7545871559633027 0.2170940170940171 0.06422018348623854
8 0.16153846153846155 0.8474770642201835 0.24102564102564103 0.07568807339449542
11 0.17606837606837608 0.14564220183486237 0.17777777777777778 0.06192660550458716
13 0.2111111111111111 0.14678899082568808 0.305982905982906 0.0779816513761468