11 0.2724014336917563 0.48975409836065575 0.06093189964157706 0.11065573770491803
2 0.3449820788530466 0.49385245901639346 0.06630824372759857 0.11065573770491803
2 0.7517921146953405 0.6454918032786885 0.12724014336917563 0.11065573770491803
11 0.5582437275985663 0.6475409836065574 0.24551971326164876 0.11475409836065574
2 0.6684587813620072 0.8012295081967213 0.12903225806451613 0.11065573770491803
11 0.4946236559139785 0.8032786885245902 0.20430107526881722 0.11475409836065574
1 0.4982078853046595 0.11885245901639344 0.992831541218638 0.22950819672131148
2 0.45161290322580644 0.125 0.06451612903225806 0.11065573770491803
2 0.2589605734767025 0.12704918032786885 0.08064516129032258 0.10655737704918032
2 0.6675627240143369 0.1290983606557377 0.12365591397849462 0.11065573770491803
2 0.9148745519713262 0.1290983606557377 0.12724014336917563 0.11065573770491803
13 0.5672043010752689 0.3237704918032787 0.2132616487455197 0.13114754098360656
11 0.1917562724014337 0.32581967213114754 0.1863799283154122 0.11065573770491803
2 0.5304659498207885 0.32581967213114754 0.08602150537634409 0.11065573770491803
13 0.246415770609319 0.32786885245901637 0.35663082437275984 0.13114754098360656
2 0.3539426523297491 0.32786885245901637 0.08422939068100359 0.11475409836065574