2 0.2431578947368421 0.21182266009852216 0.13263157894736843 0.04597701149425287
13 0.2863157894736842 0.21182266009852216 0.23157894736842105 0.05582922824302135
2 0.23684210526315788 0.27011494252873564 0.1368421052631579 0.047619047619047616
2 0.23684210526315788 0.32348111658456485 0.13263157894736843 0.04597701149425287
13 0.21473684210526317 0.034482758620689655 0.29473684210526313 0.05582922824302135
2 0.1726315789473684 0.034482758620689655 0.13894736842105262 0.04597701149425287
5 0.11368421052631579 0.3793103448275862 0.17684210526315788 0.059113300492610835
13 0.2863157894736842 0.44170771756978655 0.23157894736842105 0.052545155993431854
2 0.24210526315789474 0.4425287356321839 0.13473684210526315 0.047619047619047616
13 0.21578947368421053 0.5394088669950738 0.2926315789473684 0.054187192118226604
2 0.1736842105263158 0.5402298850574713 0.1368421052631579 0.04597701149425287
2 0.23684210526315788 0.5977011494252874 0.13263157894736843 0.04597701149425287
4 0.12736842105263158 0.6543513957307061 0.20421052631578948 0.060755336617405585
2 0.3663157894736842 0.7208538587848933 0.13473684210526315 0.04597701149425287
13 0.41368421052631577 0.7216748768472906 0.23789473684210527 0.05090311986863711
13 0.8642105263157894 0.7216748768472906 0.2336842105263158 0.054187192118226604
13 0.33052631578947367 0.722495894909688 0.4168421052631579 0.06239737274220033
13 0.7810526315789473 0.722495894909688 0.40842105263157896 0.06239737274220033
2 0.82 0.722495894909688 0.13263157894736843 0.04597701149425287
13 0.4147368421052632 0.7914614121510674 0.24 0.052545155993431854
2 0.8136842105263158 0.7914614121510674 0.13263157894736843 0.04597701149425287
13 0.3294736842105263 0.7931034482758621 0.4147368421052632 0.06239737274220033
2 0.36736842105263157 0.7931034482758621 0.13263157894736843 0.04597701149425287
13 0.7305263157894737 0.7939244663382594 0.31157894736842107 0.054187192118226604
5 0.11263157894736842 0.8587848932676518 0.17473684210526316 0.059113300492610835
2 0.23684210526315788 0.09195402298850575 0.13263157894736843 0.04597701149425287
2 0.24210526315789474 0.9211822660098522 0.13473684210526315 0.04597701149425287
13 0.2863157894736842 0.9211822660098522 0.23157894736842105 0.052545155993431854
4 0.12736842105263158 0.14942528735632185 0.20421052631578948 0.059113300492610835