15 0.11213235294117647 0.028994845360824743 0.22058823529411764 0.055412371134020616
3 0.2702205882352941 0.33569587628865977 0.4522058823529412 0.04252577319587629
3 0.20955882352941177 0.37757731958762886 0.29044117647058826 0.041237113402061855
13 0.2849264705882353 0.47164948453608246 0.24632352941176472 0.04381443298969072
13 0.31066176470588236 0.5902061855670103 0.2610294117647059 0.04381443298969072
13 0.6121323529411765 0.8994845360824743 0.5551470588235294 0.04896907216494845
13 0.6204044117647058 0.8994845360824743 0.7334558823529411 0.06443298969072164
13 0.65625 0.8994845360824743 0.6507352941176471 0.05670103092783505
13 0.7987132352941176 0.8994845360824743 0.15992647058823528 0.03608247422680412
13 0.4485294117647059 0.9001288659793815 0.21691176470588236 0.04252577319587629
13 0.7334558823529411 0.9001288659793815 0.3014705882352941 0.04252577319587629
11 0.12224264705882353 0.12371134020618557 0.06066176470588235 0.03608247422680412
13 0.16084558823529413 0.12371134020618557 0.19669117647058823 0.04381443298969072