11 0.5640394088669951 0.1843191196698762 0.30049261083743845 0.03851444291609354
13 0.6674876847290641 0.18500687757909215 0.5270935960591133 0.0453920220082531
11 0.5615763546798029 0.23658872077028886 0.2955665024630542 0.03851444291609354
13 0.6822660098522167 0.23658872077028886 0.5566502463054187 0.04401650618982118
13 0.4482758620689655 0.028198074277854195 0.5714285714285714 0.0453920220082531
11 0.3497536945812808 0.02888583218707015 0.20689655172413793 0.03851444291609354
5 0.2660098522167488 0.28885832187070154 0.4039408866995074 0.04951856946354883
11 0.5665024630541872 0.3404401650618982 0.2955665024630542 0.037138927097661624
13 0.6674876847290641 0.3404401650618982 0.5270935960591133 0.04264099037138927
13 0.45320197044334976 0.42159559834938104 0.5714285714285714 0.0453920220082531
11 0.3497536945812808 0.422283356258597 0.20689655172413793 0.03851444291609354
4 0.30049261083743845 0.47386519944979366 0.4729064039408867 0.05089408528198074
11 0.5492610837438424 0.5220082530949106 0.30049261083743845 0.037138927097661624
11 0.5640394088669951 0.5708390646492435 0.30049261083743845 0.03851444291609354
13 0.6773399014778325 0.5708390646492435 0.5369458128078818 0.04401650618982118
11 0.5640394088669951 0.6224209078404401 0.30049261083743845 0.037138927097661624
13 0.6699507389162561 0.6231086657496562 0.5320197044334976 0.04401650618982118
11 0.5640394088669951 0.6746905089408528 0.30049261083743845 0.037138927097661624
13 0.6847290640394089 0.6746905089408528 0.5615763546798029 0.0453920220082531
11 0.5615763546798029 0.7269601100412655 0.2955665024630542 0.037138927097661624
13 0.6773399014778325 0.7269601100412655 0.5467980295566502 0.0453920220082531
13 0.6748768472906403 0.7785419532324622 0.541871921182266 0.04401650618982118
11 0.5640394088669951 0.7792297111416782 0.29064039408866993 0.037138927097661624
11 0.5640394088669951 0.07977991746905089 0.30049261083743845 0.03851444291609354
13 0.6748768472906403 0.08046767537826685 0.541871921182266 0.0453920220082531
5 0.2684729064039409 0.8308115543328748 0.4088669950738916 0.04951856946354883
13 0.6847290640394089 0.8823933975240715 0.5615763546798029 0.0453920220082531
11 0.5640394088669951 0.8830811554332875 0.30049261083743845 0.03851444291609354
11 0.5640394088669951 0.9339752407152683 0.30049261083743845 0.03851444291609354
13 0.6847290640394089 0.9346629986244842 0.5615763546798029 0.0453920220082531
4 0.30049261083743845 0.13204951856946354 0.4729064039408867 0.04951856946354883