2 0.5487804878048781 0.32061068702290074 0.3073170731707317 0.07124681933842239
2 0.5634146341463414 0.40966921119592875 0.3073170731707317 0.07124681933842239
13 0.6634146341463415 0.410941475826972 0.5365853658536586 0.08396946564885496
2 0.5634146341463414 0.5063613231552163 0.3073170731707317 0.07124681933842239
13 0.6658536585365854 0.5063613231552163 0.5317073170731708 0.07633587786259542
13 0.5 0.05216284987277354 0.6780487804878049 0.08396946564885496
2 0.4024390243902439 0.05343511450381679 0.3170731707317073 0.07124681933842239
2 0.5634146341463414 0.6017811704834606 0.3073170731707317 0.06870229007633588
13 0.6682926829268293 0.6017811704834606 0.5560975609756098 0.08396946564885496
2 0.5487804878048781 0.6921119592875318 0.3073170731707317 0.07124681933842239
5 0.26097560975609757 0.7811704834605598 0.40487804878048783 0.0916030534351145
2 0.5609756097560976 0.8753180661577609 0.3024390243902439 0.07124681933842239
13 0.6804878048780488 0.8778625954198473 0.5707317073170731 0.08142493638676845
2 0.5487804878048781 0.14249363867684478 0.3073170731707317 0.07124681933842239
4 0.2975609756097561 0.23155216284987276 0.4682926829268293 0.0916030534351145