13 0.6626506024096386 0.2521891418563923 0.3648881239242685 0.07355516637478109
13 0.5877796901893287 0.2530647985989492 0.5249569707401033 0.08581436077057793
13 0.39328743545611017 0.2539404553415061 0.12564543889845095 0.04903677758318739
13 0.5490533562822719 0.2539404553415061 0.6092943201376936 0.09457092819614711
13 0.6256454388984509 0.2539404553415061 0.27710843373493976 0.06654991243432574
13 0.6824440619621343 0.2539404553415061 0.153184165232358 0.0595446584938704
2 0.7185886402753873 0.2539404553415061 0.07056798623063683 0.04903677758318739
13 0.22547332185886404 0.04115586690017513 0.22030981067125646 0.05779334500875657
2 0.18674698795180722 0.04203152364273205 0.08433734939759036 0.04903677758318739
13 0.2728055077452668 0.5359019264448336 0.35972461273666095 0.0595446584938704
11 0.5757314974182444 0.6077057793345009 0.05679862306368331 0.04903677758318739
11 0.20481927710843373 0.6085814360770578 0.055077452667814115 0.047285464098073555
13 0.6144578313253012 0.6085814360770578 0.14113597246127366 0.05779334500875657
4 0.12306368330464716 0.6777583187390543 0.16695352839931152 0.06304728546409807
11 0.2117039586919105 0.7495621716287215 0.055077452667814115 0.04903677758318739
11 0.6609294320137694 0.7495621716287215 0.058519793459552494 0.04903677758318739
13 0.2487091222030981 0.7504378283712785 0.14285714285714285 0.05779334500875657
13 0.697934595524957 0.7504378283712785 0.14285714285714285 0.05779334500875657
5 0.11101549053356283 0.8213660245183888 0.14285714285714285 0.06304728546409807
11 0.8485370051635112 0.10683012259194395 0.10327022375215146 0.04903677758318739
0 0.4655765920826162 0.10770577933450087 0.8898450946643718 0.05779334500875657
2 0.14716006884681584 0.1681260945709282 0.08433734939759036 0.04903677758318739
13 0.1884681583476764 0.1690017513134851 0.22547332185886404 0.05779334500875657