13 0.6194879089615932 0.4225092250922509 0.155049786628734 0.12177121771217712
13 0.7297297297297297 0.4225092250922509 0.4295874822190612 0.14391143911439114
2 0.2119487908961593 0.42435424354243545 0.04836415362731152 0.1033210332103321
13 0.2709815078236131 0.42435424354243545 0.4310099573257468 0.14760147601476015
13 0.3613086770981508 0.42435424354243545 0.19630156472261737 0.12546125461254612
13 0.8200568990042674 0.42435424354243545 0.19772403982930298 0.12546125461254612
13 0.16073968705547653 0.4261992619926199 0.15647226173541964 0.12177121771217712
2 0.6692745376955903 0.4261992619926199 0.049786628733997154 0.1070110701107011
11 0.17069701280227595 0.9114391143911439 0.06258890469416785 0.1033210332103321
10 0.10597439544807966 0.9132841328413284 0.20625889046941678 0.12177121771217712
1 0.112375533428165 0.11070110701107011 0.21906116642958748 0.2140221402214022
2 0.18278805120910385 0.11439114391143912 0.04694167852062589 0.1033210332103321
2 0.12944523470839261 0.11439114391143912 0.04551920341394026 0.0959409594095941
2 0.09174964438122332 0.27490774907749077 0.04694167852062589 0.1070110701107011
2 0.16500711237553342 0.2767527675276753 0.04836415362731152 0.1033210332103321