2 0.23340248962655602 0.2721649484536082 0.13070539419087138 0.0577319587628866
2 0.23962655601659752 0.3443298969072165 0.13070539419087138 0.0577319587628866
13 0.2821576763485477 0.3443298969072165 0.22821576763485477 0.06597938144329897
2 0.23962655601659752 0.4216494845360825 0.13070539419087138 0.05567010309278351
13 0.2821576763485477 0.4216494845360825 0.22821576763485477 0.06804123711340206
13 0.21369294605809128 0.04329896907216495 0.29045643153526973 0.07010309278350516
2 0.17116182572614108 0.04329896907216495 0.13485477178423236 0.0577319587628866
5 0.11203319502074689 0.49896907216494846 0.17427385892116182 0.07422680412371134
2 0.23340248962655602 0.5721649484536082 0.13070539419087138 0.05979381443298969
4 0.12551867219917012 0.6453608247422681 0.2012448132780083 0.07422680412371134
13 0.3288381742738589 0.7278350515463917 0.4170124481327801 0.07835051546391752
2 0.3620331950207469 0.7278350515463917 0.13070539419087138 0.0577319587628866
2 0.8163900414937759 0.7278350515463917 0.13070539419087138 0.0577319587628866
13 0.4118257261410788 0.7288659793814433 0.24273858921161826 0.06804123711340206
13 0.7811203319502075 0.7288659793814433 0.4087136929460581 0.08041237113402062
13 0.8641078838174274 0.7288659793814433 0.23443983402489627 0.06804123711340206
5 0.11099585062240663 0.8103092783505155 0.17219917012448133 0.07422680412371134
13 0.8599585062240664 0.8938144329896908 0.24273858921161826 0.06804123711340206
13 0.32676348547717843 0.8948453608247423 0.4087136929460581 0.07835051546391752
2 0.36099585062240663 0.8948453608247423 0.12863070539419086 0.0577319587628866
13 0.4066390041493776 0.8948453608247423 0.23651452282157676 0.07010309278350516
13 0.7769709543568465 0.8948453608247423 0.4170124481327801 0.07835051546391752
2 0.8091286307053942 0.8948453608247423 0.12863070539419086 0.0577319587628866
4 0.12551867219917012 0.12061855670103093 0.2012448132780083 0.07628865979381444
13 0.28319502074688796 0.19896907216494844 0.22614107883817428 0.06804123711340206
2 0.23962655601659752 0.2 0.13070539419087138 0.0577319587628866