13 0.20876826722338204 0.16907894736842105 0.22964509394572025 0.04342105263157895
11 0.1649269311064718 0.16907894736842105 0.07515657620041753 0.038157894736842106
11 0.1649269311064718 0.29736842105263156 0.07515657620041753 0.034210526315789476
13 0.20772442588726514 0.29736842105263156 0.23173277661795408 0.042105263157894736
7 0.18058455114822547 0.030263157894736843 0.35281837160751567 0.05789473684210526
11 0.16597077244258873 0.4256578947368421 0.07306889352818371 0.035526315789473684
13 0.20668058455114824 0.4256578947368421 0.22964509394572025 0.04342105263157895
4 0.12734864300626306 0.5526315789473685 0.20041753653444677 0.05
13 0.8194154488517745 0.5993421052631579 0.3277661795407098 0.035526315789473684
13 0.44154488517745305 0.6 0.34029227557411273 0.034210526315789476
5 0.11377870563674322 0.6460526315789473 0.1732776617954071 0.05
11 0.1951983298538622 0.7368421052631579 0.1315240083507307 0.034210526315789476
13 0.23903966597077245 0.7375 0.29018789144050106 0.04342105263157895
8 0.2160751565762004 0.9190789473684211 0.33194154488517746 0.04342105263157895
13 0.3903966597077244 0.12368421052631579 0.31315240083507306 0.03684210526315789