6 0.2785829307568438 0.17191780821917807 0.5185185185185185 0.05342465753424658
13 0.4033816425120773 0.17191780821917807 0.23993558776167473 0.036986301369863014
13 0.4822866344605475 0.2602739726027397 0.822866344605475 0.06027397260273973
11 0.3107890499194847 0.26164383561643834 0.11916264090177134 0.038356164383561646
6 0.29871175523349436 0.3198630136986301 0.5233494363929146 0.05342465753424658
13 0.42592592592592593 0.32054794520547947 0.23993558776167473 0.038356164383561646
13 0.499194847020934 0.4089041095890411 0.821256038647343 0.06164383561643835
11 0.32689210950080516 0.4095890410958904 0.11916264090177134 0.038356164383561646
1 0.11996779388083736 0.04178082191780822 0.23349436392914655 0.08082191780821918
6 0.3132045088566828 0.4678082191780822 0.5201288244766505 0.05342465753424658
13 0.4388083735909823 0.4684931506849315 0.23993558776167473 0.03561643835616438
13 0.5169082125603864 0.5568493150684931 0.821256038647343 0.06164383561643835
11 0.3446054750402576 0.5582191780821918 0.11916264090177134 0.036986301369863014
6 0.3309178743961353 0.6150684931506849 0.5169082125603864 0.052054794520547946
13 0.45491143317230276 0.6171232876712329 0.2431561996779388 0.036986301369863014
11 0.36312399355877617 0.7054794520547946 0.11755233494363929 0.03561643835616438
13 0.533816425120773 0.7054794520547946 0.822866344605475 0.06027397260273973
6 0.34782608695652173 0.7636986301369864 0.5152979066022544 0.05342465753424658
13 0.4718196457326892 0.7643835616438356 0.23832528180354268 0.038356164383561646
11 0.2922705314009662 0.11301369863013698 0.11755233494363929 0.036986301369863014
13 0.4669887278582931 0.1136986301369863 0.8244766505636071 0.06301369863013699